Game: ZenPuzzle
File: 2-101_4.txt
Actual ouput state iteration 0:
[  1.00000000e-04   0.00000000e+00   1.00000000e-04   0.00000000e+00
   0.00000000e+00   2.50000000e-01   4.54545455e-01   0.00000000e+00
   8.75000000e-01   2.50000000e-01   4.54545455e-01   0.00000000e+00
   6.25000000e-01   2.50000000e-01   4.54545455e-01   0.00000000e+00
   1.25000000e-01   2.50000000e-01   4.54545455e-01   6.94444444e-03
   6.25000000e-01   3.33333333e-01   4.54545455e-01   8.26446281e-03
   6.25000000e-01   2.50000000e-01   5.45454545e-01   8.26446281e-03
   6.25000000e-01   2.50000000e-01   3.63636364e-01   1.52089073e-02
   6.25000000e-01   3.33333333e-01   3.63636364e-01   1.52089073e-02
   6.25000000e-01   3.33333333e-01   5.45454545e-01   2.77777778e-02
   6.25000000e-01   4.16666667e-01   4.54545455e-01   3.30578512e-02
   6.25000000e-01   2.50000000e-01   2.72727273e-01]
Predicted output state:
[  2.62209307e-03   2.53526679e-07   9.99964759e-05   3.04703235e-07
   2.05780069e-07   8.29546377e-02   4.93357211e-01   2.03103539e-07
   1.31136104e-01   8.29545632e-02   4.93357211e-01   2.23819949e-02
   6.38763011e-01   2.34289527e-01   5.17449737e-01   2.92246733e-02
   6.26818061e-01   2.27217585e-01   4.76044565e-01   3.43984775e-02
   6.32690251e-01   2.80570537e-01   4.97273743e-01   4.94312719e-02
   6.27023280e-01   3.08909476e-01   5.83357871e-01   5.48253693e-02
   6.30846798e-01   2.63094157e-01   4.30738896e-01   6.42387345e-02
   6.26524627e-01   2.92843282e-01   4.70218778e-01   6.81910515e-02
   6.23294532e-01   3.60705197e-01   3.96940202e-01   7.86002427e-02
   6.23899877e-01   3.37769747e-01   5.49491823e-01   8.86587501e-02
   6.25367761e-01   3.10867727e-01   6.07618332e-01]
Squared sum of errors between actual and predicted output: 0.1293727372522301

Actual ouput state iteration 1:
[  2.00000000e-04   0.00000000e+00   1.00000000e-04   0.00000000e+00
   0.00000000e+00   3.33333333e-01   4.54545455e-01   0.00000000e+00
   1.25000000e-01   3.33333333e-01   4.54545455e-01   0.00000000e+00
   8.75000000e-01   3.33333333e-01   4.54545455e-01   0.00000000e+00
   6.25000000e-01   3.33333333e-01   4.54545455e-01   6.94444444e-03
   6.25000000e-01   2.50000000e-01   4.54545455e-01   6.94444444e-03
   8.75000000e-01   2.50000000e-01   4.54545455e-01   6.94444444e-03
   6.25000000e-01   4.16666667e-01   4.54545455e-01   8.26446281e-03
   6.25000000e-01   3.33333333e-01   3.63636364e-01   8.26446281e-03
   6.25000000e-01   3.33333333e-01   5.45454545e-01   1.52089073e-02
   6.25000000e-01   2.50000000e-01   3.63636364e-01   1.52089073e-02
   6.25000000e-01   2.50000000e-01   5.45454545e-01]
Predicted output state:
[  2.38327775e-03   2.72036482e-09   9.99509066e-05   2.93998559e-09
   1.85792870e-09   2.70897865e-01   3.78851742e-01   2.40649456e-09
   8.61058474e-01   2.70897865e-01   3.78851891e-01   3.12693032e-17
   7.37555981e-01   2.72924602e-01   4.68741536e-01   2.33893113e-21
   2.17063546e-01   2.92455941e-01   4.55361664e-01   4.58575078e-21
   8.14162850e-01   2.97841936e-01   4.43050027e-01   3.87249438e-19
   6.56073034e-01   3.10428679e-01   4.63974595e-01   7.43138980e-18
   6.61677539e-01   3.05173159e-01   4.66610253e-01   5.43206985e-18
   6.43729925e-01   2.91483939e-01   4.01394457e-01   2.94298163e-20
   6.43580556e-01   3.71762842e-01   4.74890530e-01   2.36728305e-17
   6.40305102e-01   3.04943532e-01   4.41627771e-01   2.32006146e-17
   6.35532796e-01   2.85894036e-01   4.99500066e-01]
Squared sum of errors between actual and predicted output: 0.17817977888914804

Actual ouput state iteration 2:
[  2.00000000e-04   0.00000000e+00   1.00000000e-04   0.00000000e+00
   0.00000000e+00   3.33333333e-01   4.54545455e-01   0.00000000e+00
   8.75000000e-01   3.33333333e-01   4.54545455e-01   0.00000000e+00
   8.75000000e-01   3.33333333e-01   4.54545455e-01   0.00000000e+00
   1.25000000e-01   3.33333333e-01   4.54545455e-01   0.00000000e+00
   6.25000000e-01   3.33333333e-01   4.54545455e-01   6.94444444e-03
   8.75000000e-01   2.50000000e-01   4.54545455e-01   6.94444444e-03
   6.25000000e-01   2.50000000e-01   4.54545455e-01   6.94444444e-03
   6.25000000e-01   4.16666667e-01   4.54545455e-01   8.26446281e-03
   6.25000000e-01   3.33333333e-01   5.45454545e-01   8.26446281e-03
   6.25000000e-01   3.33333333e-01   3.63636364e-01   1.52089073e-02
   6.25000000e-01   2.50000000e-01   3.63636364e-01]
Predicted output state:
[  2.53203488e-03   2.87025426e-09   9.98996402e-05   3.24246408e-09
   2.09909001e-09   2.21223682e-01   3.95804614e-01   3.15390336e-09
   1.28612489e-01   2.21223786e-01   3.95804584e-01   1.10779628e-02
   6.42051578e-01   2.73551852e-01   4.36419785e-01   1.34172104e-02
   6.26158834e-01   3.01224530e-01   4.30213958e-01   1.69417746e-02
   6.28971577e-01   3.17994237e-01   4.01610106e-01   2.48266477e-02
   6.34750187e-01   3.39415938e-01   4.14470553e-01   2.74787433e-02
   6.25008702e-01   3.24263185e-01   5.25630236e-01   3.59325781e-02
   6.27026558e-01   4.02258694e-01   3.54836762e-01   3.48365940e-02
   6.30597830e-01   3.44890743e-01   4.91659850e-01   4.08672057e-02
   6.29315257e-01   3.42306614e-01   2.77874410e-01   4.73389849e-02
   6.26864076e-01   3.65737379e-01   6.04013979e-01]
Squared sum of errors between actual and predicted output: 0.22512153728071252

Actual ouput state iteration 3:
[  3.00000000e-04   0.00000000e+00   1.00000000e-04   0.00000000e+00
   0.00000000e+00   3.33333333e-01   5.45454545e-01   0.00000000e+00
   6.25000000e-01   3.33333333e-01   5.45454545e-01   0.00000000e+00
   8.75000000e-01   3.33333333e-01   5.45454545e-01   0.00000000e+00
   1.25000000e-01   3.33333333e-01   5.45454545e-01   6.94444444e-03
   6.25000000e-01   2.50000000e-01   5.45454545e-01   6.94444444e-03
   6.25000000e-01   4.16666667e-01   5.45454545e-01   8.26446281e-03
   8.75000000e-01   3.33333333e-01   4.54545455e-01   8.26446281e-03
   6.25000000e-01   3.33333333e-01   4.54545455e-01   8.26446281e-03
   8.75000000e-01   3.33333333e-01   4.54545455e-01   8.26446281e-03
   6.25000000e-01   3.33333333e-01   6.36363636e-01   1.52089073e-02
   6.25000000e-01   2.50000000e-01   4.54545455e-01]
Predicted output state:
[  3.36743169e-03   4.58341765e-09   9.99994227e-05   5.14452436e-09
   3.07044790e-09   3.19769263e-01   4.96901631e-01   3.47077656e-09
   8.67794275e-01   3.19769293e-01   4.96901631e-01   1.90277024e-22
   8.90857399e-01   3.14529389e-01   5.20219386e-01   3.29490117e-28
   1.13431111e-01   3.16014320e-01   5.03168941e-01   6.84508965e-28
   8.61298919e-01   3.38676423e-01   5.09399951e-01   2.67493094e-25
   6.31722152e-01   3.40489894e-01   4.99392778e-01   1.61480380e-23
   6.19803905e-01   3.11527550e-01   4.34501648e-01   9.07514105e-24
   6.26969755e-01   2.65208125e-01   4.98928696e-01   6.63434024e-27
   6.29473805e-01   4.08139706e-01   5.03161490e-01   6.06213920e-23
   6.31147385e-01   3.27891201e-01   5.44101059e-01   5.51953480e-23
   6.23213112e-01   2.53874838e-01   4.11661834e-01]
Squared sum of errors between actual and predicted output: 0.2119974148664679

Actual ouput state iteration 4:
[  3.00000000e-04   0.00000000e+00   1.00000000e-04   0.00000000e+00
   0.00000000e+00   3.33333333e-01   5.45454545e-01   0.00000000e+00
   8.75000000e-01   3.33333333e-01   5.45454545e-01   0.00000000e+00
   6.25000000e-01   3.33333333e-01   5.45454545e-01   0.00000000e+00
   8.75000000e-01   3.33333333e-01   5.45454545e-01   0.00000000e+00
   1.25000000e-01   3.33333333e-01   5.45454545e-01   6.94444444e-03
   6.25000000e-01   2.50000000e-01   5.45454545e-01   6.94444444e-03
   6.25000000e-01   4.16666667e-01   5.45454545e-01   8.26446281e-03
   6.25000000e-01   3.33333333e-01   4.54545455e-01   8.26446281e-03
   8.75000000e-01   3.33333333e-01   4.54545455e-01   8.26446281e-03
   6.25000000e-01   3.33333333e-01   6.36363636e-01   1.52089073e-02
   6.25000000e-01   2.50000000e-01   4.54545455e-01]
Predicted output state:
[  2.49824114e-03   2.85048829e-09   9.99538606e-05   3.13651816e-09
   1.86822668e-09   3.25056046e-01   4.82948184e-01   2.45078713e-09
   8.61779213e-01   3.25056106e-01   4.82948244e-01   5.29073364e-18
   7.67219543e-01   2.95012802e-01   5.56059659e-01   2.23292974e-22
   1.98955834e-01   3.05212498e-01   5.36697686e-01   4.38884090e-22
   8.22416723e-01   3.13127041e-01   5.14889777e-01   4.65366966e-20
   6.52592063e-01   3.41152936e-01   5.25544822e-01   1.04727797e-18
   6.56141818e-01   3.05796832e-01   5.29146969e-01   7.46815984e-19
   6.41673565e-01   2.88026303e-01   4.43795204e-01   2.98550789e-21
   6.41539514e-01   3.71793240e-01   5.25087953e-01   3.41170871e-18
   6.39069736e-01   3.27278286e-01   4.83721763e-01   3.31008585e-18
   6.33567870e-01   3.07114869e-01   5.38252532e-01]
Squared sum of errors between actual and predicted output: 0.2864130375540989

Actual ouput state iteration 5:
[  4.00000000e-04   0.00000000e+00   1.00000000e-04   0.00000000e+00
   0.00000000e+00   4.16666667e-01   5.45454545e-01   0.00000000e+00
   1.25000000e-01   4.16666667e-01   5.45454545e-01   0.00000000e+00
   8.75000000e-01   4.16666667e-01   5.45454545e-01   0.00000000e+00
   6.25000000e-01   4.16666667e-01   5.45454545e-01   6.94444444e-03
   6.25000000e-01   5.00000000e-01   5.45454545e-01   6.94444444e-03
   6.25000000e-01   3.33333333e-01   5.45454545e-01   6.94444444e-03
   8.75000000e-01   3.33333333e-01   5.45454545e-01   6.94444444e-03
   8.75000000e-01   3.33333333e-01   5.45454545e-01   8.26446281e-03
   6.25000000e-01   4.16666667e-01   4.54545455e-01   8.26446281e-03
   6.25000000e-01   4.16666667e-01   6.36363636e-01   1.52089073e-02
   6.25000000e-01   5.00000000e-01   4.54545455e-01]
Predicted output state:
[  2.57829088e-03   1.21947128e-08   9.99875119e-05   1.51265702e-08
   1.03182387e-08   2.66343147e-01   5.41181386e-01   1.19313688e-08
   1.38122410e-01   2.66343057e-01   5.41181445e-01   1.11219343e-02
   6.45602226e-01   2.80595213e-01   5.56160092e-01   1.55424792e-02
   6.35064363e-01   2.86501706e-01   5.15365243e-01   1.80866569e-02
   6.42709315e-01   3.42208624e-01   5.47654331e-01   2.85479054e-02
   6.28247321e-01   3.26264650e-01   5.27994156e-01   3.27425003e-02
   6.30264640e-01   3.03988308e-01   5.12559891e-01   3.84288542e-02
   6.23678982e-01   3.77766281e-01   5.17525613e-01   4.11812328e-02
   6.24349236e-01   4.30591583e-01   4.93613720e-01   4.87640873e-02
   6.24649405e-01   2.82448053e-01   4.92754370e-01   5.64071983e-02
   6.24451756e-01   3.15737605e-01   4.90330309e-01]
Squared sum of errors between actual and predicted output: 1.0197629059164892

Actual ouput state iteration 6:
[  4.00000000e-04   0.00000000e+00   1.00000000e-04   0.00000000e+00
   0.00000000e+00   4.16666667e-01   5.45454545e-01   0.00000000e+00
   8.75000000e-01   4.16666667e-01   5.45454545e-01   0.00000000e+00
   1.25000000e-01   4.16666667e-01   5.45454545e-01   0.00000000e+00
   6.25000000e-01   4.16666667e-01   5.45454545e-01   0.00000000e+00
   8.75000000e-01   4.16666667e-01   5.45454545e-01   6.94444444e-03
   6.25000000e-01   5.00000000e-01   5.45454545e-01   6.94444444e-03
   6.25000000e-01   3.33333333e-01   5.45454545e-01   6.94444444e-03
   8.75000000e-01   3.33333333e-01   5.45454545e-01   8.26446281e-03
   6.25000000e-01   4.16666667e-01   4.54545455e-01   8.26446281e-03
   6.25000000e-01   4.16666667e-01   6.36363636e-01   1.52089073e-02
   6.25000000e-01   5.00000000e-01   4.54545455e-01]
Predicted output state:
[  2.58546695e-03   5.83170090e-09   9.99939948e-05   7.01873404e-09
   4.58884086e-09   4.65056956e-01   5.73582292e-01   5.88228444e-09
   1.32473588e-01   4.65056837e-01   5.73582292e-01   1.17709627e-02
   6.44365013e-01   4.00943637e-01   5.88064790e-01   1.55869909e-02
   6.31682396e-01   3.91321391e-01   5.54820418e-01   1.81118734e-02
   6.39291525e-01   4.33638334e-01   5.63104987e-01   2.82453485e-02
   6.29136801e-01   4.32644635e-01   5.38438737e-01   3.20646949e-02
   6.28602743e-01   3.92465651e-01   5.59268177e-01   3.86092588e-02
   6.25407934e-01   4.31585491e-01   5.18375337e-01   4.01833057e-02
   6.25753224e-01   4.60936725e-01   5.21276474e-01   4.71213609e-02
   6.25591099e-01   3.65216106e-01   4.72057402e-01   5.43447919e-02
   6.25349522e-01   4.38967973e-01   5.23737013e-01]
Squared sum of errors between actual and predicted output: 0.2655109619801459

Actual ouput state iteration 7:
[  5.00000000e-04   0.00000000e+00   1.00000000e-04   0.00000000e+00
   0.00000000e+00   5.00000000e-01   5.45454545e-01   0.00000000e+00
   6.25000000e-01   5.00000000e-01   5.45454545e-01   0.00000000e+00
   8.75000000e-01   5.00000000e-01   5.45454545e-01   0.00000000e+00
   1.25000000e-01   5.00000000e-01   5.45454545e-01   6.94444444e-03
   6.25000000e-01   4.16666667e-01   5.45454545e-01   6.94444444e-03
   8.75000000e-01   4.16666667e-01   5.45454545e-01   6.94444444e-03
   8.75000000e-01   4.16666667e-01   5.45454545e-01   6.94444444e-03
   6.25000000e-01   5.83333333e-01   5.45454545e-01   8.26446281e-03
   6.25000000e-01   5.00000000e-01   4.54545455e-01   8.26446281e-03
   6.25000000e-01   5.00000000e-01   6.36363636e-01   1.52089073e-02
   6.25000000e-01   4.16666667e-01   4.54545455e-01]
Predicted output state:
[  1.18664105e-03   4.37853576e-09   9.99545227e-05   4.45944748e-09
   3.04215808e-09   4.39704329e-01   6.09974444e-01   4.21886792e-09
   8.37253869e-01   4.39704478e-01   6.09974623e-01   7.63505668e-05
   1.95533574e-01   4.12851930e-01   6.03537381e-01   2.95190657e-05
   6.05903089e-01   4.17844504e-01   5.70773423e-01   4.41264456e-05
   6.68319523e-01   4.35524285e-01   5.60965717e-01   1.13114911e-04
   6.97425067e-01   4.63974446e-01   5.57646334e-01   1.62300799e-04
   7.45620191e-01   4.13095713e-01   5.84995568e-01   1.85337223e-04
   6.77487135e-01   4.80455875e-01   4.74831343e-01   1.03808568e-04
   6.67445540e-01   4.27534997e-01   5.09210765e-01   3.32586817e-04
   6.54964685e-01   4.20041442e-01   4.78447139e-01   3.58863181e-04
   6.60922885e-01   5.01856089e-01   5.62660515e-01]
Squared sum of errors between actual and predicted output: 0.2025325575657629

Actual ouput state iteration 8:
[  6.00000000e-04   0.00000000e+00   1.00000000e-04   0.00000000e+00
   0.00000000e+00   5.83333333e-01   5.45454545e-01   0.00000000e+00
   1.25000000e-01   5.83333333e-01   5.45454545e-01   0.00000000e+00
   6.25000000e-01   5.83333333e-01   5.45454545e-01   0.00000000e+00
   8.75000000e-01   5.83333333e-01   5.45454545e-01   6.94444444e-03
   6.25000000e-01   6.66666667e-01   5.45454545e-01   6.94444444e-03
   6.25000000e-01   5.00000000e-01   5.45454545e-01   6.94444444e-03
   8.75000000e-01   5.00000000e-01   5.45454545e-01   8.26446281e-03
   6.25000000e-01   5.83333333e-01   4.54545455e-01   8.26446281e-03
   6.25000000e-01   5.83333333e-01   6.36363636e-01   1.52089073e-02
   6.25000000e-01   6.66666667e-01   4.54545455e-01   1.52089073e-02
   6.25000000e-01   6.66666667e-01   6.36363636e-01]
Predicted output state:
[  2.53702188e-03   1.65831393e-09   9.99849362e-05   1.75753545e-09
   9.90354798e-10   6.14995778e-01   5.69515646e-01   1.41925649e-09
   8.49108338e-01   6.14996016e-01   5.69515646e-01   2.01243117e-17
   7.51678228e-01   5.40455580e-01   5.66908121e-01   1.03089050e-21
   1.99680701e-01   5.09733677e-01   5.64093947e-01   1.90550223e-21
   8.15039396e-01   5.19971848e-01   5.34240544e-01   1.80003238e-19
   6.51890516e-01   5.51000595e-01   5.11353552e-01   3.75782197e-18
   6.55232966e-01   4.58903551e-01   5.06772161e-01   2.59313574e-18
   6.44277811e-01   4.10437942e-01   5.10684073e-01   1.19803702e-20
   6.42200232e-01   4.61277097e-01   5.42606413e-01   1.15235367e-17
   6.39291704e-01   5.21458745e-01   4.84424174e-01   1.09843489e-17
   6.35815918e-01   4.69283611e-01   4.77983594e-01]
Squared sum of errors between actual and predicted output: 0.3374055699104735

Actual ouput state iteration 9:
[  7.00000000e-04   0.00000000e+00   1.00000000e-04   0.00000000e+00
   0.00000000e+00   5.83333333e-01   4.54545455e-01   0.00000000e+00
   6.25000000e-01   5.83333333e-01   4.54545455e-01   0.00000000e+00
   8.75000000e-01   5.83333333e-01   4.54545455e-01   0.00000000e+00
   1.25000000e-01   5.83333333e-01   4.54545455e-01   6.94444444e-03
   6.25000000e-01   6.66666667e-01   4.54545455e-01   6.94444444e-03
   6.25000000e-01   5.00000000e-01   4.54545455e-01   8.26446281e-03
   6.25000000e-01   5.83333333e-01   3.63636364e-01   8.26446281e-03
   6.25000000e-01   5.83333333e-01   5.45454545e-01   8.26446281e-03
   8.75000000e-01   5.83333333e-01   5.45454545e-01   1.52089073e-02
   6.25000000e-01   6.66666667e-01   3.63636364e-01   1.52089073e-02
   6.25000000e-01   6.66666667e-01   5.45454545e-01]
Predicted output state:
[  2.59446423e-03   2.09425099e-09   9.99521435e-05   2.37232811e-09
   1.43340850e-09   6.89362705e-01   5.97889543e-01   2.19605845e-09
   1.21840060e-01   6.89362884e-01   5.97889543e-01   1.61683764e-02
   6.40828609e-01   5.86714983e-01   5.85733116e-01   1.97329223e-02
   6.23565137e-01   5.57098210e-01   5.74264944e-01   2.28505358e-02
   6.29603565e-01   5.79090536e-01   5.41331232e-01   3.40612456e-02
   6.31499588e-01   5.96522152e-01   5.09112537e-01   3.77663188e-02
   6.25160575e-01   5.03679574e-01   5.88743925e-01   4.63539064e-02
   6.28551006e-01   5.48481047e-01   5.00095010e-01   4.70225550e-02
   6.28739834e-01   4.92674679e-01   5.57100773e-01   5.35624288e-02
   6.27992034e-01   5.39154112e-01   3.84295523e-01   6.15088195e-02
   6.27632678e-01   5.58447957e-01   5.76289892e-01]
Squared sum of errors between actual and predicted output: 0.24081895364094974

Actual ouput state iteration 10:
[  8.00000000e-04   0.00000000e+00   1.00000000e-04   0.00000000e+00
   0.00000000e+00   5.83333333e-01   3.63636364e-01   0.00000000e+00
   8.75000000e-01   5.83333333e-01   3.63636364e-01   0.00000000e+00
   1.25000000e-01   5.83333333e-01   3.63636364e-01   0.00000000e+00
   6.25000000e-01   5.83333333e-01   3.63636364e-01   6.94444444e-03
   6.25000000e-01   6.66666667e-01   3.63636364e-01   6.94444444e-03
   6.25000000e-01   5.00000000e-01   3.63636364e-01   8.26446281e-03
   6.25000000e-01   5.83333333e-01   4.54545455e-01   8.26446281e-03
   8.75000000e-01   5.83333333e-01   4.54545455e-01   8.26446281e-03
   6.25000000e-01   5.83333333e-01   2.72727273e-01   1.52089073e-02
   6.25000000e-01   6.66666667e-01   4.54545455e-01   1.52089073e-02
   6.25000000e-01   6.66666667e-01   2.72727273e-01]
Predicted output state:
[  2.63855653e-03   1.02159914e-09   9.99973345e-05   1.04286557e-09
   6.03407824e-10   7.18344331e-01   4.71912712e-01   8.91787422e-10
   8.42942834e-01   7.18344450e-01   4.71912801e-01   1.04108059e-17
   7.63860106e-01   6.58259451e-01   4.61481124e-01   4.06440652e-22
   1.87243238e-01   6.18244052e-01   4.77545530e-01   7.44488047e-22
   8.15297663e-01   6.23447299e-01   4.52267349e-01   7.76591991e-20
   6.50309801e-01   6.30480349e-01   4.23620433e-01   1.77440602e-18
   6.50031745e-01   5.50792038e-01   4.11186159e-01   1.16698682e-18
   6.44142151e-01   4.81951118e-01   4.95157212e-01   4.73557952e-21
   6.41999781e-01   5.19084692e-01   4.93210316e-01   5.39057847e-18
   6.39099300e-01   6.06269062e-01   4.34511513e-01   5.09356397e-18
   6.36368871e-01   5.20492613e-01   3.92394722e-01]
Squared sum of errors between actual and predicted output: 0.2977314007754105

Actual ouput state iteration 11:
[  9.00000000e-04   0.00000000e+00   1.00000000e-04   0.00000000e+00
   0.00000000e+00   5.00000000e-01   3.63636364e-01   0.00000000e+00
   1.25000000e-01   5.00000000e-01   3.63636364e-01   0.00000000e+00
   8.75000000e-01   5.00000000e-01   3.63636364e-01   0.00000000e+00
   6.25000000e-01   5.00000000e-01   3.63636364e-01   6.94444444e-03
   6.25000000e-01   4.16666667e-01   3.63636364e-01   6.94444444e-03
   8.75000000e-01   5.83333333e-01   3.63636364e-01   6.94444444e-03
   6.25000000e-01   5.83333333e-01   3.63636364e-01   8.26446281e-03
   6.25000000e-01   5.00000000e-01   4.54545455e-01   8.26446281e-03
   6.25000000e-01   5.00000000e-01   2.72727273e-01   1.52089073e-02
   6.25000000e-01   4.16666667e-01   4.54545455e-01   1.52089073e-02
   8.75000000e-01   5.83333333e-01   4.54545455e-01]
Predicted output state:
[  1.10987667e-03   1.82452109e-09   9.99545227e-05   1.70470349e-09
   1.33247491e-09   6.52773857e-01   3.43971014e-01   1.89561034e-09
   8.23893785e-01   6.52773976e-01   3.43971163e-01   2.62927567e-03
   1.52949080e-01   6.21413469e-01   3.65948617e-01   2.89292843e-03
   6.46153450e-01   6.14433885e-01   3.62689048e-01   4.13184660e-03
   6.39295697e-01   6.20981872e-01   3.70264500e-01   6.94006728e-03
   7.03069150e-01   5.85491776e-01   3.68322223e-01   7.53192371e-03
   7.52126098e-01   5.76801658e-01   3.87647837e-01   8.52041785e-03
   6.82905495e-01   6.39407754e-01   4.09383237e-01   8.57952889e-03
   6.71634734e-01   5.48902512e-01   3.80444288e-01   1.41640613e-02
   6.57664299e-01   5.47543764e-01   3.65576506e-01   1.55573925e-02
   6.66408658e-01   5.64579666e-01   3.98535550e-01]
Squared sum of errors between actual and predicted output: 0.16133103214070138

Actual ouput state iteration 12:
[  9.00000000e-04   0.00000000e+00   1.00000000e-04   0.00000000e+00
   0.00000000e+00   5.00000000e-01   3.63636364e-01   0.00000000e+00
   8.75000000e-01   5.00000000e-01   3.63636364e-01   0.00000000e+00
   1.25000000e-01   5.00000000e-01   3.63636364e-01   0.00000000e+00
   6.25000000e-01   5.00000000e-01   3.63636364e-01   0.00000000e+00
   8.75000000e-01   5.00000000e-01   3.63636364e-01   6.94444444e-03
   6.25000000e-01   4.16666667e-01   3.63636364e-01   6.94444444e-03
   8.75000000e-01   5.83333333e-01   3.63636364e-01   6.94444444e-03
   6.25000000e-01   5.83333333e-01   3.63636364e-01   8.26446281e-03
   6.25000000e-01   5.00000000e-01   4.54545455e-01   8.26446281e-03
   6.25000000e-01   5.00000000e-01   2.72727273e-01   1.52089073e-02
   6.25000000e-01   4.16666667e-01   4.54545455e-01]
Predicted output state:
[  2.56767846e-03   1.50783408e-09   9.99275508e-05   1.63792513e-09
   1.16248011e-09   5.57395220e-01   2.74377465e-01   1.71053027e-09
   1.23732910e-01   5.57395279e-01   2.74377435e-01   1.22868614e-02
   6.41417563e-01   5.09262025e-01   3.47636670e-01   1.55322319e-02
   6.23509824e-01   5.08782685e-01   3.50722909e-01   1.87819824e-02
   6.26785994e-01   5.23284435e-01   3.41555536e-01   2.80824658e-02
   6.33903623e-01   4.94948566e-01   3.40852618e-01   3.18880938e-02
   6.24572098e-01   4.84665722e-01   4.20513630e-01   3.90810221e-02
   6.28364384e-01   5.40960550e-01   3.69505852e-01   3.96247394e-02
   6.30242109e-01   4.85971004e-01   4.24859256e-01   4.61394936e-02
   6.29041314e-01   4.67413276e-01   2.77378231e-01   5.37829697e-02
   6.28463447e-01   4.60010916e-01   4.72627401e-01]
Squared sum of errors between actual and predicted output: 0.3175266098035031

Actual ouput state iteration 13:
[  1.00000000e-03   0.00000000e+00   1.00000000e-04   0.00000000e+00
   0.00000000e+00   4.16666667e-01   3.63636364e-01   0.00000000e+00
   1.25000000e-01   4.16666667e-01   3.63636364e-01   0.00000000e+00
   8.75000000e-01   4.16666667e-01   3.63636364e-01   0.00000000e+00
   6.25000000e-01   4.16666667e-01   3.63636364e-01   6.94444444e-03
   8.75000000e-01   5.00000000e-01   3.63636364e-01   6.94444444e-03
   8.75000000e-01   5.00000000e-01   3.63636364e-01   6.94444444e-03
   6.25000000e-01   5.00000000e-01   3.63636364e-01   6.94444444e-03
   6.25000000e-01   3.33333333e-01   3.63636364e-01   8.26446281e-03
   6.25000000e-01   4.16666667e-01   4.54545455e-01   8.26446281e-03
   6.25000000e-01   4.16666667e-01   2.72727273e-01   1.52089073e-02
   6.25000000e-01   5.00000000e-01   4.54545455e-01]
Predicted output state:
[  1.08690688e-03   2.45920639e-09   9.99443291e-05   2.34534259e-09
   1.84669735e-09   5.38312912e-01   3.51271480e-01   2.55100741e-09
   8.23457778e-01   5.38313031e-01   3.51271689e-01   4.44131764e-03
   1.49231657e-01   5.20336092e-01   3.89947057e-01   6.10817131e-03
   6.59412265e-01   5.27728498e-01   3.77675354e-01   8.80339183e-03
   6.37736559e-01   5.36818326e-01   3.86724144e-01   1.36128943e-02
   7.03788161e-01   5.07251620e-01   3.94075692e-01   1.38466237e-02
   7.53946900e-01   5.09158194e-01   4.18148935e-01   1.61602926e-02
   6.82442963e-01   5.87919295e-01   3.97387743e-01   1.80592369e-02
   6.71611726e-01   5.07100523e-01   3.88625830e-01   2.60244962e-02
   6.57653272e-01   4.71840560e-01   3.76834929e-01   2.87994277e-02
   6.65866554e-01   5.09339869e-01   4.36095744e-01]
Squared sum of errors between actual and predicted output: 0.1416234539590277

Actual ouput state iteration 14:
[  1.10000000e-03   0.00000000e+00   1.00000000e-04   0.00000000e+00
   0.00000000e+00   3.33333333e-01   3.63636364e-01   0.00000000e+00
   1.25000000e-01   3.33333333e-01   3.63636364e-01   0.00000000e+00
   8.75000000e-01   3.33333333e-01   3.63636364e-01   0.00000000e+00
   6.25000000e-01   3.33333333e-01   3.63636364e-01   6.94444444e-03
   6.25000000e-01   2.50000000e-01   3.63636364e-01   6.94444444e-03
   6.25000000e-01   4.16666667e-01   3.63636364e-01   6.94444444e-03
   8.75000000e-01   4.16666667e-01   3.63636364e-01   8.26446281e-03
   6.25000000e-01   3.33333333e-01   4.54545455e-01   8.26446281e-03
   6.25000000e-01   3.33333333e-01   2.72727273e-01   1.52089073e-02
   6.25000000e-01   2.50000000e-01   4.54545455e-01   1.52089073e-02
   6.25000000e-01   4.16666667e-01   4.54545455e-01]
Predicted output state:
[  2.55634892e-03   2.66417333e-09   9.99494659e-05   2.99818859e-09
   2.26783570e-09   3.85888696e-01   2.34756589e-01   3.01871994e-09
   1.30715653e-01   3.85888994e-01   2.34756559e-01   9.55860410e-03
   6.43645823e-01   3.70930046e-01   3.35693032e-01   1.26122059e-02
   6.28679514e-01   3.85374308e-01   3.25957686e-01   1.54455155e-02
   6.32636905e-01   4.11957651e-01   3.40478688e-01   2.36926805e-02
   6.32846594e-01   3.78103673e-01   3.47803414e-01   2.72559505e-02
   6.26585364e-01   4.03443426e-01   3.99966419e-01   3.34501825e-02
   6.26379013e-01   4.54763770e-01   3.61736596e-01   3.40840966e-02
   6.28705144e-01   4.48151499e-01   3.96719187e-01   4.05363254e-02
   6.27739251e-01   3.50587666e-01   3.11069399e-01   4.73856851e-02
   6.26953721e-01   3.88133883e-01   4.40071970e-01]
Squared sum of errors between actual and predicted output: 0.2875132611788787

Actual ouput state iteration 15:
[  1.20000000e-03   0.00000000e+00   1.00000000e-04   0.00000000e+00
   0.00000000e+00   3.33333333e-01   2.72727273e-01   0.00000000e+00
   1.25000000e-01   3.33333333e-01   2.72727273e-01   0.00000000e+00
   8.75000000e-01   3.33333333e-01   2.72727273e-01   0.00000000e+00
   6.25000000e-01   3.33333333e-01   2.72727273e-01   6.94444444e-03
   6.25000000e-01   2.50000000e-01   2.72727273e-01   6.94444444e-03
   6.25000000e-01   4.16666667e-01   2.72727273e-01   8.26446281e-03
   8.75000000e-01   3.33333333e-01   3.63636364e-01   8.26446281e-03
   6.25000000e-01   3.33333333e-01   3.63636364e-01   1.52089073e-02
   6.25000000e-01   2.50000000e-01   3.63636364e-01   1.52089073e-02
   6.25000000e-01   4.16666667e-01   3.63636364e-01   1.52089073e-02
   8.75000000e-01   4.16666667e-01   3.63636364e-01]
Predicted output state:
[  2.56388960e-03   4.35433334e-09   9.99600525e-05   5.03081843e-09
   3.98071442e-09   2.79775530e-01   2.18488932e-01   4.90372720e-09
   1.34807527e-01   2.79775590e-01   2.18488932e-01   9.24688950e-03
   6.44021690e-01   2.95493186e-01   3.28991055e-01   1.26852803e-02
   6.31389856e-01   3.10206652e-01   3.09735239e-01   1.54971415e-02
   6.35982156e-01   3.56486619e-01   3.46511573e-01   2.40135435e-02
   6.31460488e-01   3.19949418e-01   3.50337058e-01   2.77722180e-02
   6.27827883e-01   3.45298409e-01   3.74725074e-01   3.36577743e-02
   6.24936104e-01   4.10106480e-01   3.72348338e-01   3.48939821e-02
   6.27259672e-01   4.22623098e-01   3.80205989e-01   4.17702198e-02
   6.26554012e-01   3.01750869e-01   3.40152502e-01   4.86802123e-02
   6.25956655e-01   3.42387289e-01   3.93170923e-01]
Squared sum of errors between actual and predicted output: 0.25652737973529044

Actual ouput state iteration 16:
[  1.20000000e-03   0.00000000e+00   1.00000000e-04   0.00000000e+00
   0.00000000e+00   3.33333333e-01   2.72727273e-01   0.00000000e+00
   8.75000000e-01   3.33333333e-01   2.72727273e-01   0.00000000e+00
   1.25000000e-01   3.33333333e-01   2.72727273e-01   0.00000000e+00
   6.25000000e-01   3.33333333e-01   2.72727273e-01   0.00000000e+00
   8.75000000e-01   3.33333333e-01   2.72727273e-01   6.94444444e-03
   6.25000000e-01   2.50000000e-01   2.72727273e-01   6.94444444e-03
   6.25000000e-01   4.16666667e-01   2.72727273e-01   8.26446281e-03
   8.75000000e-01   3.33333333e-01   3.63636364e-01   8.26446281e-03
   6.25000000e-01   3.33333333e-01   3.63636364e-01   1.52089073e-02
   6.25000000e-01   2.50000000e-01   3.63636364e-01   1.52089073e-02
   6.25000000e-01   4.16666667e-01   3.63636364e-01]
Predicted output state:
[  2.58670701e-03   3.17796678e-09   1.00016499e-04   3.57206864e-09
   2.92500091e-09   3.84431392e-01   1.78706422e-01   3.62874952e-09
   1.32319152e-01   3.84431422e-01   1.78706333e-01   1.04538584e-02
   6.41296029e-01   3.69099736e-01   2.81633526e-01   1.45350946e-02
   6.29839599e-01   3.95748228e-01   2.74015844e-01   1.77019984e-02
   6.34054005e-01   4.02230263e-01   3.02698433e-01   2.70870421e-02
   6.31126821e-01   3.48645806e-01   3.18677157e-01   3.14349309e-02
   6.26433372e-01   4.48906779e-01   3.40687424e-01   3.78687046e-02
   6.25084460e-01   4.29621637e-01   3.49288881e-01   3.94409932e-02
   6.27472878e-01   4.82408881e-01   3.42753887e-01   4.67215590e-02
   6.26466930e-01   2.93656319e-01   3.33638281e-01   5.40425554e-02
   6.26301944e-01   4.03481036e-01   3.75996500e-01]
Squared sum of errors between actual and predicted output: 0.3369413813497103

Actual ouput state iteration 17:
[  1.30000000e-03   0.00000000e+00   1.00000000e-04   0.00000000e+00
   0.00000000e+00   2.50000000e-01   2.72727273e-01   0.00000000e+00
   6.25000000e-01   2.50000000e-01   2.72727273e-01   0.00000000e+00
   8.75000000e-01   2.50000000e-01   2.72727273e-01   0.00000000e+00
   1.25000000e-01   2.50000000e-01   2.72727273e-01   6.94444444e-03
   8.75000000e-01   3.33333333e-01   2.72727273e-01   6.94444444e-03
   8.75000000e-01   3.33333333e-01   2.72727273e-01   6.94444444e-03
   6.25000000e-01   3.33333333e-01   2.72727273e-01   8.26446281e-03
   6.25000000e-01   2.50000000e-01   3.63636364e-01   1.52089073e-02
   6.25000000e-01   3.33333333e-01   3.63636364e-01   2.77777778e-02
   6.25000000e-01   4.16666667e-01   2.72727273e-01   3.30578512e-02
   6.25000000e-01   2.50000000e-01   4.54545455e-01]
Predicted output state:
[  1.09360961e-03   3.44039863e-09   9.99304102e-05   3.33174466e-09
   2.78303380e-09   2.66237825e-01   2.43416682e-01   3.61494057e-09
   8.39125037e-01   2.66237766e-01   2.43416816e-01   7.92492705e-04
   1.62155017e-01   3.19279343e-01   3.18242103e-01   7.40633695e-04
   6.45447969e-01   3.60250652e-01   3.04493278e-01   1.13608025e-03
   6.49208069e-01   3.67085069e-01   3.22815806e-01   2.10200832e-03
   7.03848422e-01   3.34897131e-01   3.55462700e-01   2.43572216e-03
   7.52698362e-01   3.92737657e-01   3.78848493e-01   2.86324997e-03
   6.80175543e-01   4.79211569e-01   3.27428341e-01   2.52690003e-03
   6.71201169e-01   4.31065917e-01   3.45496088e-01   4.89803730e-03
   6.57426834e-01   3.23112786e-01   3.45680118e-01   5.45068877e-03
   6.64236248e-01   3.76066536e-01   4.38464046e-01]
Squared sum of errors between actual and predicted output: 0.20923081883658118

Actual ouput state iteration 18:
[  1.30000000e-03   0.00000000e+00   1.00000000e-04   0.00000000e+00
   0.00000000e+00   2.50000000e-01   1.81818182e-01   0.00000000e+00
   1.25000000e-01   2.50000000e-01   1.81818182e-01   8.26446281e-03
   6.25000000e-01   2.50000000e-01   2.72727273e-01   8.26446281e-03
   8.75000000e-01   2.50000000e-01   2.72727273e-01   1.52089073e-02
   6.25000000e-01   3.33333333e-01   2.72727273e-01   1.52089073e-02
   8.75000000e-01   3.33333333e-01   2.72727273e-01   3.30578512e-02
   6.25000000e-01   2.50000000e-01   3.63636364e-01   3.60422406e-02
   6.25000000e-01   4.16666667e-01   2.72727273e-01   4.00022957e-02
   6.25000000e-01   3.33333333e-01   3.63636364e-01   6.08356290e-02
   6.25000000e-01   4.16666667e-01   3.63636364e-01   7.07644628e-02
   6.25000000e-01   5.00000000e-01   2.72727273e-01]
Predicted output state:
[  2.34810798e-03   1.88709315e-09   9.99472832e-05   1.95900540e-09
   1.35894473e-09   2.73210734e-01   2.12950036e-01   1.74460013e-09
   8.58561277e-01   2.73210824e-01   2.12950081e-01   6.26101277e-17
   7.24749506e-01   3.01626593e-01   3.10708284e-01   5.96224394e-21
   2.22583011e-01   3.29114497e-01   3.13456923e-01   1.17217454e-20
   8.08702886e-01   3.28774482e-01   3.15129191e-01   9.05051499e-19
   6.58166587e-01   3.08334500e-01   3.44005644e-01   1.65670115e-17
   6.62769258e-01   3.44827354e-01   3.41681659e-01   1.19514488e-17
   6.45003259e-01   3.28829646e-01   3.39848489e-01   7.38526109e-20
   6.45111501e-01   4.06821311e-01   3.86064976e-01   5.20358677e-17
   6.41276360e-01   3.13778132e-01   3.66227567e-01   5.14555376e-17
   6.37335181e-01   2.70185262e-01   4.06596154e-01]
Squared sum of errors between actual and predicted output: 0.21039806354130994

Actual ouput state iteration 19:
[  1.30000000e-03   0.00000000e+00   1.00000000e-04   0.00000000e+00
   0.00000000e+00   3.33333333e-01   1.81818182e-01   0.00000000e+00
   1.25000000e-01   3.33333333e-01   1.81818182e-01   8.26446281e-03
   6.25000000e-01   3.33333333e-01   2.72727273e-01   1.52089073e-02
   8.75000000e-01   2.50000000e-01   2.72727273e-01   1.52089073e-02
   6.25000000e-01   2.50000000e-01   2.72727273e-01   1.52089073e-02
   6.25000000e-01   4.16666667e-01   2.72727273e-01   3.30578512e-02
   6.25000000e-01   3.33333333e-01   3.63636364e-01   3.60422406e-02
   6.25000000e-01   5.00000000e-01   2.72727273e-01   4.00022957e-02
   6.25000000e-01   2.50000000e-01   3.63636364e-01   4.00022957e-02
   6.25000000e-01   4.16666667e-01   3.63636364e-01   6.08356290e-02
   6.25000000e-01   5.00000000e-01   3.63636364e-01]
Predicted output state:
[  2.71765166e-03   5.11381559e-09   1.00083569e-04   5.97234218e-09
   5.52593704e-09   1.94078505e-01   9.99797210e-02   7.54101137e-09
   1.28537446e-01   1.94078609e-01   9.99795645e-02   2.96725556e-02
   6.25959933e-01   2.45548978e-01   2.77322680e-01   4.08096574e-02
   6.25266254e-01   2.49955431e-01   2.53839374e-01   4.90112603e-02
   6.29583657e-01   3.01137507e-01   3.16298068e-01   6.63603395e-02
   6.26196504e-01   3.36425900e-01   3.13174665e-01   7.10146651e-02
   6.22959375e-01   3.64999652e-01   3.30825120e-01   9.00423080e-02
   6.22357011e-01   3.17749411e-01   3.28341186e-01   9.29191634e-02
   6.25494659e-01   3.06265205e-01   3.46099585e-01   1.02059647e-01
   6.24039710e-01   3.17307770e-01   3.34961653e-01   1.09279938e-01
   6.23291075e-01   5.76270819e-01   2.73932606e-01]
Squared sum of errors between actual and predicted output: 0.20929826686637026

Actual ouput state iteration 20:
[  1.30000000e-03   0.00000000e+00   1.00000000e-04   0.00000000e+00
   0.00000000e+00   4.16666667e-01   1.81818182e-01   0.00000000e+00
   1.25000000e-01   4.16666667e-01   1.81818182e-01   8.26446281e-03
   6.25000000e-01   4.16666667e-01   2.72727273e-01   1.52089073e-02
   6.25000000e-01   5.00000000e-01   2.72727273e-01   1.52089073e-02
   6.25000000e-01   3.33333333e-01   2.72727273e-01   3.30578512e-02
   6.25000000e-01   4.16666667e-01   3.63636364e-01   3.60422406e-02
   6.25000000e-01   2.50000000e-01   2.72727273e-01   3.60422406e-02
   6.25000000e-01   5.83333333e-01   2.72727273e-01   4.00022957e-02
   6.25000000e-01   5.00000000e-01   3.63636364e-01   4.00022957e-02
   6.25000000e-01   3.33333333e-01   3.63636364e-01   6.08356290e-02
   6.25000000e-01   2.50000000e-01   3.63636364e-01]
Predicted output state:
[  2.70077167e-03   3.28442940e-09   1.00083096e-04   3.74651732e-09
   3.54119600e-09   3.17118943e-01   8.53627995e-02   4.80772488e-09
   1.27855867e-01   3.17119032e-01   8.53627846e-02   2.34741531e-02
   6.28633857e-01   3.20998162e-01   2.52982914e-01   3.22214924e-02
   6.25316501e-01   3.21339548e-01   2.34228820e-01   3.87874618e-02
   6.29735529e-01   3.65100116e-01   2.91352749e-01   5.39730489e-02
   6.27182066e-01   3.79901290e-01   2.91390955e-01   5.89084476e-02
   6.23190820e-01   4.30947900e-01   3.13093662e-01   7.42659792e-02
   6.23305261e-01   3.63553077e-01   3.19421977e-01   7.63138235e-02
   6.26107395e-01   3.61484557e-01   3.24985445e-01   8.51784125e-02
   6.24552011e-01   3.42773438e-01   3.25003594e-01   9.25183520e-02
   6.24147773e-01   6.02054596e-01   2.61962265e-01]
Squared sum of errors between actual and predicted output: 0.18752355195915155

Actual ouput state iteration 21:
[  1.30000000e-03   0.00000000e+00   1.00000000e-04   0.00000000e+00
   0.00000000e+00   5.00000000e-01   1.81818182e-01   0.00000000e+00
   1.25000000e-01   5.00000000e-01   1.81818182e-01   8.26446281e-03
   6.25000000e-01   5.00000000e-01   2.72727273e-01   1.52089073e-02
   6.25000000e-01   4.16666667e-01   2.72727273e-01   1.52089073e-02
   6.25000000e-01   5.83333333e-01   2.72727273e-01   3.30578512e-02
   6.25000000e-01   5.00000000e-01   3.63636364e-01   3.60422406e-02
   6.25000000e-01   6.66666667e-01   2.72727273e-01   3.60422406e-02
   6.25000000e-01   3.33333333e-01   2.72727273e-01   4.00022957e-02
   6.25000000e-01   4.16666667e-01   3.63636364e-01   4.00022957e-02
   6.25000000e-01   5.83333333e-01   3.63636364e-01   6.08356290e-02
   6.25000000e-01   6.66666667e-01   3.63636364e-01]
Predicted output state:
[  2.58935313e-03   3.13515436e-09   1.00020501e-04   3.51702445e-09
   2.89038349e-09   3.94470364e-01   1.76392719e-01   3.58068442e-09
   1.32116258e-01   3.94470364e-01   1.76392719e-01   1.06325541e-02
   6.41039371e-01   3.76218170e-01   2.78567493e-01   1.48117431e-02
   6.29708052e-01   4.03285623e-01   2.71549284e-01   1.80196390e-02
   6.33915663e-01   4.07365054e-01   3.00180823e-01   2.75397822e-02
   6.31045103e-01   3.52017730e-01   3.16478133e-01   3.19679976e-02
   6.26340389e-01   4.57013339e-01   3.37553024e-01   3.84487882e-02
   6.25080705e-01   4.32342827e-01   3.48807305e-01   4.01019119e-02
   6.27446651e-01   4.87680167e-01   3.40020239e-01   4.74492721e-02
   6.26431704e-01   2.94333816e-01   3.34070623e-01   5.48389368e-02
   6.26323581e-01   4.07990307e-01   3.72989386e-01]
Squared sum of errors between actual and predicted output: 0.1291207504855231

Actual ouput state iteration 22:
[  1.30000000e-03   0.00000000e+00   1.00000000e-04   0.00000000e+00
   0.00000000e+00   5.83333333e-01   1.81818182e-01   0.00000000e+00
   1.25000000e-01   5.83333333e-01   1.81818182e-01   8.26446281e-03
   6.25000000e-01   5.83333333e-01   2.72727273e-01   1.52089073e-02
   6.25000000e-01   6.66666667e-01   2.72727273e-01   1.52089073e-02
   6.25000000e-01   5.00000000e-01   2.72727273e-01   3.30578512e-02
   6.25000000e-01   5.83333333e-01   3.63636364e-01   3.60422406e-02
   6.25000000e-01   4.16666667e-01   2.72727273e-01   4.00022957e-02
   6.25000000e-01   6.66666667e-01   3.63636364e-01   4.00022957e-02
   6.25000000e-01   5.00000000e-01   3.63636364e-01   6.08356290e-02
   6.25000000e-01   4.16666667e-01   3.63636364e-01   7.07644628e-02
   6.25000000e-01   3.33333333e-01   2.72727273e-01]
Predicted output state:
[  2.67378031e-03   1.27142730e-09   1.00119745e-04   1.37053346e-09
   1.10354426e-09   5.67210913e-01   1.43631041e-01   1.58777391e-09
   1.22350022e-01   5.67210972e-01   1.43631071e-01   1.89278629e-02
   6.31617188e-01   5.33579648e-01   2.25669175e-01   2.61023454e-02
   6.22274995e-01   5.51458180e-01   2.39618182e-01   3.11726239e-02
   6.25853956e-01   5.10860801e-01   2.53783941e-01   4.49455380e-02
   6.29981756e-01   4.72716093e-01   2.68054575e-01   5.06673343e-02
   6.21704161e-01   6.33568764e-01   2.98888713e-01   6.16869368e-02
   6.26265466e-01   4.61305052e-01   3.29866827e-01   6.41493425e-02
   6.28493011e-01   5.30077159e-01   3.15024436e-01   7.22580850e-02
   6.26405835e-01   3.69953692e-01   2.98121870e-01   8.07343423e-02
   6.27186120e-01   6.35028720e-01   3.27448010e-01]
Squared sum of errors between actual and predicted output: 0.142466422555157

Actual ouput state iteration 23:
[  1.40000000e-03   0.00000000e+00   1.00000000e-04   0.00000000e+00
   0.00000000e+00   5.83333333e-01   2.72727273e-01   0.00000000e+00
   8.75000000e-01   5.83333333e-01   2.72727273e-01   0.00000000e+00
   1.25000000e-01   5.83333333e-01   2.72727273e-01   0.00000000e+00
   6.25000000e-01   5.83333333e-01   2.72727273e-01   6.94444444e-03
   6.25000000e-01   6.66666667e-01   2.72727273e-01   6.94444444e-03
   6.25000000e-01   5.00000000e-01   2.72727273e-01   8.26446281e-03
   6.25000000e-01   5.83333333e-01   3.63636364e-01   1.52089073e-02
   6.25000000e-01   6.66666667e-01   3.63636364e-01   1.52089073e-02
   6.25000000e-01   5.00000000e-01   3.63636364e-01   2.77777778e-02
   6.25000000e-01   4.16666667e-01   2.72727273e-01   3.30578512e-02
   6.25000000e-01   5.83333333e-01   4.54545455e-01]
Predicted output state:
[  2.61107134e-03   1.14589049e-09   1.00005062e-04   1.22353860e-09
   9.02337371e-10   5.97119629e-01   2.11368948e-01   1.35466183e-09
   1.21410459e-01   5.97119927e-01   2.11368978e-01   1.53157441e-02
   6.36737704e-01   5.51442862e-01   2.83449292e-01   1.98485404e-02
   6.21569335e-01   5.59955835e-01   2.97357887e-01   2.39250362e-02
   6.24534905e-01   5.40222764e-01   2.91099966e-01   3.49784866e-02
   6.32842839e-01   5.07338345e-01   2.99373478e-01   3.95154357e-02
   6.22659922e-01   5.75185120e-01   3.66844177e-01   4.84456606e-02
   6.28044426e-01   5.26303768e-01   3.43763083e-01   4.94303629e-02
   6.30154908e-01   5.15971541e-01   3.77392352e-01   5.65394387e-02
   6.28442049e-01   4.45191413e-01   2.69653767e-01   6.47577792e-02
   6.28403783e-01   5.50272942e-01   4.22512233e-01]
Squared sum of errors between actual and predicted output: 0.16145297295979066

Actual ouput state iteration 24:
[  1.50000000e-03   0.00000000e+00   1.00000000e-04   0.00000000e+00
   0.00000000e+00   6.66666667e-01   2.72727273e-01   0.00000000e+00
   8.75000000e-01   6.66666667e-01   2.72727273e-01   0.00000000e+00
   1.25000000e-01   6.66666667e-01   2.72727273e-01   0.00000000e+00
   6.25000000e-01   6.66666667e-01   2.72727273e-01   6.94444444e-03
   6.25000000e-01   5.83333333e-01   2.72727273e-01   6.94444444e-03
   8.75000000e-01   5.83333333e-01   2.72727273e-01   8.26446281e-03
   6.25000000e-01   6.66666667e-01   3.63636364e-01   1.52089073e-02
   6.25000000e-01   5.83333333e-01   3.63636364e-01   2.77777778e-02
   6.25000000e-01   5.00000000e-01   2.72727273e-01   3.30578512e-02
   6.25000000e-01   6.66666667e-01   4.54545455e-01   3.60422406e-02
   6.25000000e-01   5.00000000e-01   3.63636364e-01]
Predicted output state:
[  1.16501714e-03   1.67664282e-09   9.99543408e-05   1.55240776e-09
   1.26225030e-09   5.54141223e-01   2.42989615e-01   1.76766835e-09
   8.27021003e-01   5.54141343e-01   2.42989734e-01   3.41974606e-04
   1.75735697e-01   5.70830941e-01   2.79349893e-01   2.08438229e-04
   6.17241502e-01   5.77473164e-01   2.83967465e-01   3.08274291e-04
   6.50399506e-01   5.80916643e-01   2.97414273e-01   6.60917547e-04
   7.00850070e-01   5.30277312e-01   3.05836588e-01   8.66739254e-04
   7.46423423e-01   5.58679461e-01   3.19798321e-01   9.48689121e-04
   6.80449784e-01   6.13655031e-01   3.62344861e-01   6.89670735e-04
   6.70460224e-01   5.34671128e-01   3.34901452e-01   1.70021737e-03
   6.56886518e-01   5.07210433e-01   3.24053347e-01   1.85769552e-03
   6.64929986e-01   5.15211523e-01   3.56019109e-01]
Squared sum of errors between actual and predicted output: 0.08239602678073076

Actual ouput state iteration 25:
[  1.50000000e-03   0.00000000e+00   1.00000000e-04   0.00000000e+00
   0.00000000e+00   7.50000000e-01   2.72727273e-01   0.00000000e+00
   1.25000000e-01   7.50000000e-01   2.72727273e-01   6.94444444e-03
   6.25000000e-01   6.66666667e-01   2.72727273e-01   6.94444444e-03
   8.75000000e-01   6.66666667e-01   2.72727273e-01   1.52089073e-02
   6.25000000e-01   6.66666667e-01   3.63636364e-01   2.77777778e-02
   6.25000000e-01   5.83333333e-01   2.72727273e-01   2.77777778e-02
   8.75000000e-01   5.83333333e-01   2.72727273e-01   3.60422406e-02
   6.25000000e-01   5.83333333e-01   3.63636364e-01   4.00022957e-02
   6.25000000e-01   6.66666667e-01   4.54545455e-01   6.08356290e-02
   6.25000000e-01   5.83333333e-01   4.54545455e-01   6.25000000e-02
   6.25000000e-01   5.00000000e-01   2.72727273e-01]
Predicted output state:
[  1.22700760e-03   1.36195744e-09   9.99623371e-05   1.25075383e-09
   1.00125697e-09   6.30106688e-01   2.43418142e-01   1.42768664e-09
   8.24887693e-01   6.30106866e-01   2.43418202e-01   7.15159258e-05
   1.97343424e-01   6.31465614e-01   2.69886822e-01   2.57122902e-05
   5.89656234e-01   6.28659308e-01   2.80378073e-01   3.81240061e-05
   6.59202814e-01   6.29793704e-01   2.91669697e-01   1.00334692e-04
   6.97950363e-01   5.78482807e-01   2.93320775e-01   1.53678993e-04
   7.40921319e-01   5.98318815e-01   3.05734694e-01   1.61839969e-04
   6.78892016e-01   6.37182176e-01   3.71787012e-01   8.92857133e-05
   6.69058323e-01   5.58692813e-01   3.36217612e-01   3.05860856e-04
   6.55996442e-01   5.53382456e-01   3.18757057e-01   3.30201845e-04
   6.63806081e-01   5.47586620e-01   3.36815804e-01]
Squared sum of errors between actual and predicted output: 0.1285900828784404

Actual ouput state iteration 26:
[  1.50000000e-03   0.00000000e+00   1.00000000e-04   0.00000000e+00
   0.00000000e+00   7.50000000e-01   3.63636364e-01   0.00000000e+00
   1.25000000e-01   7.50000000e-01   3.63636364e-01   6.94444444e-03
   6.25000000e-01   6.66666667e-01   3.63636364e-01   1.52089073e-02
   6.25000000e-01   6.66666667e-01   4.54545455e-01   1.52089073e-02
   8.75000000e-01   6.66666667e-01   2.72727273e-01   1.52089073e-02
   6.25000000e-01   6.66666667e-01   2.72727273e-01   2.77777778e-02
   6.25000000e-01   5.83333333e-01   3.63636364e-01   3.60422406e-02
   6.25000000e-01   5.83333333e-01   4.54545455e-01   3.60422406e-02
   6.25000000e-01   5.83333333e-01   2.72727273e-01   4.00022957e-02
   6.25000000e-01   6.66666667e-01   5.45454545e-01   6.08356290e-02
   6.25000000e-01   5.83333333e-01   5.45454545e-01]
Predicted output state:
[  2.67138844e-03   1.94467265e-09   9.99991389e-05   2.12303553e-09
   1.65667957e-09   7.78357148e-01   2.72469521e-01   2.13535278e-09
   1.22789711e-01   7.78357267e-01   2.72469580e-01   2.35824734e-02
   6.35179102e-01   6.63888037e-01   3.22309494e-01   3.29615660e-02
   6.23034418e-01   6.30195439e-01   3.29136342e-01   3.72862406e-02
   6.28367186e-01   6.65701807e-01   3.62110138e-01   5.46081103e-02
   6.28200889e-01   6.06249630e-01   3.16679209e-01   6.15156442e-02
   6.24401152e-01   5.90686381e-01   3.42965037e-01   6.97579235e-02
   6.26944363e-01   6.07992411e-01   4.52820539e-01   7.68145770e-02
   6.26612365e-01   5.95439970e-01   4.03575063e-01   8.60807970e-02
   6.26251280e-01   5.44124126e-01   3.42257828e-01   9.68629047e-02
   6.27446115e-01   5.51800132e-01   3.17741573e-01]
Squared sum of errors between actual and predicted output: 0.18516384585913154

Actual ouput state iteration 27:
[  1.50000000e-03   0.00000000e+00   1.00000000e-04   0.00000000e+00
   0.00000000e+00   7.50000000e-01   4.54545455e-01   0.00000000e+00
   1.25000000e-01   7.50000000e-01   4.54545455e-01   6.94444444e-03
   6.25000000e-01   6.66666667e-01   4.54545455e-01   1.52089073e-02
   6.25000000e-01   6.66666667e-01   3.63636364e-01   1.52089073e-02
   6.25000000e-01   6.66666667e-01   5.45454545e-01   2.77777778e-02
   6.25000000e-01   5.83333333e-01   4.54545455e-01   3.60422406e-02
   6.25000000e-01   5.83333333e-01   5.45454545e-01   3.60422406e-02
   6.25000000e-01   5.83333333e-01   3.63636364e-01   4.00022957e-02
   6.25000000e-01   6.66666667e-01   6.36363636e-01   4.00022957e-02
   6.25000000e-01   6.66666667e-01   2.72727273e-01   6.08356290e-02
   6.25000000e-01   5.83333333e-01   2.72727273e-01]
Predicted output state:
[  2.65459553e-03   1.80782445e-09   1.00002188e-04   1.98525307e-09
   1.42682377e-09   7.72636771e-01   3.48770380e-01   1.95547756e-09
   1.20896965e-01   7.72637010e-01   3.48770380e-01   2.04567425e-02
   6.37129366e-01   6.79710090e-01   3.77670258e-01   2.77442541e-02
   6.22176230e-01   6.44883335e-01   3.80915880e-01   3.12833227e-02
   6.27878428e-01   6.71853364e-01   3.96849602e-01   4.65875641e-02
   6.29364967e-01   6.25542223e-01   3.59056175e-01   5.28643280e-02
   6.24444366e-01   5.98900139e-01   3.84177685e-01   6.02449365e-02
   6.27838314e-01   6.09774411e-01   4.73118305e-01   6.53994456e-02
   6.27376080e-01   5.92092395e-01   4.25557137e-01   7.37646520e-02
   6.26684785e-01   5.59525311e-01   3.59555781e-01   8.40013325e-02
   6.28210306e-01   5.69266677e-01   3.63722831e-01]
Squared sum of errors between actual and predicted output: 0.20333562822074414

Actual ouput state iteration 28:
[  1.60000000e-03   0.00000000e+00   1.00000000e-04   0.00000000e+00
   0.00000000e+00   6.66666667e-01   4.54545455e-01   0.00000000e+00
   8.75000000e-01   6.66666667e-01   4.54545455e-01   0.00000000e+00
   1.25000000e-01   6.66666667e-01   4.54545455e-01   0.00000000e+00
   6.25000000e-01   6.66666667e-01   4.54545455e-01   6.94444444e-03
   6.25000000e-01   5.83333333e-01   4.54545455e-01   8.26446281e-03
   6.25000000e-01   6.66666667e-01   3.63636364e-01   8.26446281e-03
   6.25000000e-01   6.66666667e-01   5.45454545e-01   1.52089073e-02
   6.25000000e-01   5.83333333e-01   5.45454545e-01   1.52089073e-02
   6.25000000e-01   5.83333333e-01   3.63636364e-01   2.77777778e-02
   6.25000000e-01   5.00000000e-01   4.54545455e-01   3.30578512e-02
   6.25000000e-01   6.66666667e-01   6.36363636e-01]
Predicted output state:
[  2.63357698e-03   1.66147684e-09   9.99863696e-05   1.83054094e-09
   1.24131394e-09   7.68380702e-01   4.11969274e-01   1.79044701e-09
   1.20169237e-01   7.68380821e-01   4.11969215e-01   1.84320547e-02
   6.38607383e-01   6.74853683e-01   4.31316882e-01   2.40969509e-02
   6.21910810e-01   6.40335917e-01   4.31893736e-01   2.73534469e-02
   6.27620876e-01   6.62240684e-01   4.30228919e-01   4.09212373e-02
   6.30458534e-01   6.32254958e-01   3.96247625e-01   4.63017672e-02
   6.24479890e-01   5.87202132e-01   4.38467830e-01   5.38105071e-02
   6.28470302e-01   6.05406642e-01   4.78122532e-01   5.71668893e-02
   6.28146589e-01   5.72920024e-01   4.58975941e-01   6.47655502e-02
   6.27323210e-01   5.68654239e-01   3.60431880e-01   7.42424950e-02
   6.28459036e-01   5.75549483e-01   4.24211532e-01]
Squared sum of errors between actual and predicted output: 0.13730083362856366

Actual ouput state iteration 29:
[  1.60000000e-03   0.00000000e+00   1.00000000e-04   0.00000000e+00
   0.00000000e+00   6.66666667e-01   4.54545455e-01   0.00000000e+00
   8.75000000e-01   6.66666667e-01   4.54545455e-01   0.00000000e+00
   8.75000000e-01   6.66666667e-01   4.54545455e-01   0.00000000e+00
   1.25000000e-01   6.66666667e-01   4.54545455e-01   0.00000000e+00
   6.25000000e-01   6.66666667e-01   4.54545455e-01   6.94444444e-03
   6.25000000e-01   5.83333333e-01   4.54545455e-01   8.26446281e-03
   6.25000000e-01   6.66666667e-01   3.63636364e-01   8.26446281e-03
   6.25000000e-01   6.66666667e-01   5.45454545e-01   1.52089073e-02
   6.25000000e-01   5.83333333e-01   5.45454545e-01   1.52089073e-02
   6.25000000e-01   5.83333333e-01   3.63636364e-01   2.77777778e-02
   6.25000000e-01   5.00000000e-01   4.54545455e-01]
Predicted output state:
[  1.12654327e-03   2.20689200e-09   9.99634867e-05   2.11526685e-09
   1.51679336e-09   7.03992665e-01   5.20352781e-01   2.20910290e-09
   8.23984027e-01   7.03992784e-01   5.20352960e-01   1.85702625e-03
   1.57919541e-01   6.42768800e-01   5.01677752e-01   1.72658649e-03
   6.39970183e-01   6.22166276e-01   4.87685621e-01   2.43318733e-03
   6.44052923e-01   6.33847535e-01   4.82572824e-01   4.32495307e-03
   7.01386392e-01   6.27764463e-01   4.64765996e-01   4.82489960e-03
   7.51284540e-01   5.72526991e-01   4.87540781e-01   5.47764311e-03
   6.82419956e-01   6.31480873e-01   4.75503862e-01   5.07234782e-03
   6.70560420e-01   5.38224280e-01   4.55243707e-01   9.10028443e-03
   6.56941354e-01   5.77726722e-01   4.27552134e-01   9.89856850e-03
   6.65429175e-01   6.11886680e-01   4.61928159e-01]
Squared sum of errors between actual and predicted output: 0.13767027062586462

Actual ouput state iteration 30:
[  1.60000000e-03   0.00000000e+00   1.00000000e-04   0.00000000e+00
   0.00000000e+00   6.66666667e-01   4.54545455e-01   0.00000000e+00
   8.75000000e-01   6.66666667e-01   4.54545455e-01   0.00000000e+00
   8.75000000e-01   6.66666667e-01   4.54545455e-01   0.00000000e+00
   1.25000000e-01   6.66666667e-01   4.54545455e-01   0.00000000e+00
   8.75000000e-01   6.66666667e-01   4.54545455e-01   0.00000000e+00
   6.25000000e-01   6.66666667e-01   4.54545455e-01   6.94444444e-03
   6.25000000e-01   5.83333333e-01   4.54545455e-01   8.26446281e-03
   6.25000000e-01   6.66666667e-01   3.63636364e-01   8.26446281e-03
   6.25000000e-01   6.66666667e-01   5.45454545e-01   1.52089073e-02
   6.25000000e-01   5.83333333e-01   5.45454545e-01   1.52089073e-02
   6.25000000e-01   5.83333333e-01   3.63636364e-01]
Predicted output state:
[  2.63202190e-03   9.57642854e-10   9.99989570e-05   9.71612790e-10
   5.65070213e-10   7.33366847e-01   4.59786087e-01   8.39271319e-10
   8.41780782e-01   7.33367205e-01   4.59786147e-01   1.31173896e-17
   7.60504246e-01   6.75425649e-01   4.47542667e-01   5.43440093e-22
   1.88513234e-01   6.34502649e-01   4.66010362e-01   9.91159475e-22
   8.13993275e-01   6.39095247e-01   4.41578984e-01   1.00759116e-19
   6.50586843e-01   6.42885268e-01   4.12060142e-01   2.26398300e-18
   6.50348902e-01   5.65043330e-01   3.98901820e-01   1.48632041e-18
   6.44519806e-01   4.94694263e-01   4.93491888e-01   6.24425558e-21
   6.42253339e-01   5.28107584e-01   4.86232877e-01   6.83463565e-18
   6.39245689e-01   6.19166911e-01   4.27666485e-01   6.45783337e-18
   6.36745930e-01   5.30032754e-01   3.81106913e-01]
Squared sum of errors between actual and predicted output: 0.13630819975604513

Actual ouput state iteration 31:
[  1.60000000e-03   0.00000000e+00   1.00000000e-04   0.00000000e+00
   0.00000000e+00   7.50000000e-01   4.54545455e-01   0.00000000e+00
   1.25000000e-01   7.50000000e-01   4.54545455e-01   6.94444444e-03
   8.75000000e-01   6.66666667e-01   4.54545455e-01   6.94444444e-03
   8.75000000e-01   6.66666667e-01   4.54545455e-01   6.94444444e-03
   6.25000000e-01   6.66666667e-01   4.54545455e-01   1.52089073e-02
   6.25000000e-01   6.66666667e-01   3.63636364e-01   1.52089073e-02
   6.25000000e-01   6.66666667e-01   5.45454545e-01   2.77777778e-02
   6.25000000e-01   5.83333333e-01   4.54545455e-01   3.60422406e-02
   6.25000000e-01   5.83333333e-01   5.45454545e-01   3.60422406e-02
   6.25000000e-01   5.83333333e-01   3.63636364e-01   4.00022957e-02
   6.25000000e-01   6.66666667e-01   6.36363636e-01]
Predicted output state:
[  2.63507525e-03   1.01218645e-09   9.99992408e-05   1.03322551e-09
   5.92694671e-10   7.34219909e-01   4.90680784e-01   8.81263229e-10
   8.42201471e-01   7.34220028e-01   4.90680784e-01   1.22156081e-17
   7.61752129e-01   6.71240926e-01   4.73387480e-01   4.93418688e-22
   1.88138291e-01   6.28891885e-01   4.89304781e-01   8.99223783e-22
   8.14681232e-01   6.34505510e-01   4.62554455e-01   9.22704399e-20
   6.50332332e-01   6.43565714e-01   4.30982888e-01   2.08135537e-18
   6.50324464e-01   5.58421373e-01   4.18504506e-01   1.36990519e-18
   6.44376278e-01   4.88627821e-01   5.03682613e-01   5.67596796e-21
   6.42051756e-01   5.22930324e-01   5.00145972e-01   6.29367193e-18
   6.39121056e-01   6.17882967e-01   4.39644277e-01   5.94070776e-18
   6.36507034e-01   5.33009350e-01   3.94964993e-01]
Squared sum of errors between actual and predicted output: 0.13323887874322382

Actual ouput state iteration 32:
[  1.60000000e-03   0.00000000e+00   1.00000000e-04   0.00000000e+00
   0.00000000e+00   7.50000000e-01   5.45454545e-01   0.00000000e+00
   1.25000000e-01   7.50000000e-01   5.45454545e-01   6.94444444e-03
   6.25000000e-01   6.66666667e-01   5.45454545e-01   1.52089073e-02
   8.75000000e-01   6.66666667e-01   4.54545455e-01   1.52089073e-02
   6.25000000e-01   6.66666667e-01   4.54545455e-01   1.52089073e-02
   6.25000000e-01   6.66666667e-01   6.36363636e-01   2.77777778e-02
   6.25000000e-01   5.83333333e-01   5.45454545e-01   3.60422406e-02
   6.25000000e-01   5.83333333e-01   4.54545455e-01   3.60422406e-02
   6.25000000e-01   5.83333333e-01   6.36363636e-01   4.00022957e-02
   6.25000000e-01   6.66666667e-01   3.63636364e-01   6.08356290e-02
   6.25000000e-01   5.83333333e-01   3.63636364e-01]
Predicted output state:
[  2.60786945e-03   1.46428059e-09   9.99517652e-05   1.61103131e-09
   1.01628572e-09   7.62193143e-01   4.99072194e-01   1.57211866e-09
   1.19018815e-01   7.62193441e-01   4.99072254e-01   1.75877884e-02
   6.39540076e-01   6.62839234e-01   5.01696348e-01   2.17509046e-02
   6.21083915e-01   6.29653871e-01   5.01183927e-01   2.50219777e-02
   6.26430273e-01   6.46091402e-01   4.73196059e-01   3.71004492e-02
   6.31889820e-01   6.41414642e-01   4.41025674e-01   4.14352864e-02
   6.24165177e-01   5.63696384e-01   5.18877447e-01   4.97794896e-02
   6.29283249e-01   6.02793336e-01   4.77258801e-01   5.12428507e-02
   6.29307091e-01   5.37602544e-01   5.13312459e-01   5.80542572e-02
   6.28391147e-01   5.87913930e-01   3.46920371e-01   6.67693913e-02
   6.28643930e-01   5.79429626e-01   5.17239630e-01]
Squared sum of errors between actual and predicted output: 0.17867893393778156

Actual ouput state iteration 33:
[  1.60000000e-03   0.00000000e+00   1.00000000e-04   0.00000000e+00
   0.00000000e+00   7.50000000e-01   6.36363636e-01   0.00000000e+00
   1.25000000e-01   7.50000000e-01   6.36363636e-01   6.94444444e-03
   6.25000000e-01   6.66666667e-01   6.36363636e-01   1.52089073e-02
   6.25000000e-01   6.66666667e-01   5.45454545e-01   2.77777778e-02
   6.25000000e-01   5.83333333e-01   6.36363636e-01   3.60422406e-02
   6.25000000e-01   5.83333333e-01   5.45454545e-01   4.00022957e-02
   6.25000000e-01   6.66666667e-01   4.54545455e-01   6.08356290e-02
   6.25000000e-01   5.83333333e-01   4.54545455e-01   6.25000000e-02
   6.25000000e-01   5.00000000e-01   6.36363636e-01   7.07644628e-02
   6.25000000e-01   5.00000000e-01   5.45454545e-01   8.13246097e-02
   6.25000000e-01   6.66666667e-01   3.63636364e-01]
Predicted output state:
[  2.61926255e-03   1.68654068e-09   9.99712065e-05   1.87469107e-09
   1.19042898e-09   7.69399047e-01   5.14766872e-01   1.79205284e-09
   1.19772583e-01   7.69399166e-01   5.14766872e-01   1.80110559e-02
   6.39426112e-01   6.66812360e-01   5.12976468e-01   2.26815380e-02
   6.21921718e-01   6.30560160e-01   5.09062827e-01   2.58334372e-02
   6.27891958e-01   6.50197148e-01   4.88912731e-01   3.85439396e-02
   6.30951166e-01   6.42249763e-01   4.52595085e-01   4.31746952e-02
   6.24574542e-01   5.69055736e-01   5.14609456e-01   5.12924977e-02
   6.28852010e-01   5.96611142e-01   4.96844888e-01   5.33932187e-02
   6.28537953e-01   5.48680604e-01   5.10845423e-01   6.04430549e-02
   6.27732217e-01   5.79399645e-01   3.73198658e-01   6.93357810e-02
   6.28324747e-01   5.87141991e-01   4.97714579e-01]
Squared sum of errors between actual and predicted output: 0.15603251028347367

Actual ouput state iteration 34:
[  1.70000000e-03   0.00000000e+00   1.00000000e-04   0.00000000e+00
   0.00000000e+00   6.66666667e-01   6.36363636e-01   0.00000000e+00
   1.25000000e-01   6.66666667e-01   6.36363636e-01   0.00000000e+00
   8.75000000e-01   6.66666667e-01   6.36363636e-01   0.00000000e+00
   6.25000000e-01   6.66666667e-01   6.36363636e-01   6.94444444e-03
   6.25000000e-01   5.83333333e-01   6.36363636e-01   8.26446281e-03
   6.25000000e-01   6.66666667e-01   5.45454545e-01   1.52089073e-02
   6.25000000e-01   5.83333333e-01   5.45454545e-01   2.77777778e-02
   6.25000000e-01   5.00000000e-01   6.36363636e-01   3.30578512e-02
   6.25000000e-01   6.66666667e-01   4.54545455e-01   3.60422406e-02
   6.25000000e-01   5.00000000e-01   5.45454545e-01   4.00022957e-02
   6.25000000e-01   5.83333333e-01   4.54545455e-01]
Predicted output state:
[  2.64515774e-03   2.32111996e-09   1.00004960e-04   2.64150035e-09
   1.63299663e-09   7.92365134e-01   6.17912412e-01   2.38000109e-09
   1.20351091e-01   7.92365253e-01   6.17912412e-01   2.06557084e-02
   6.38587236e-01   6.82464957e-01   5.84607124e-01   2.64824331e-02
   6.22947454e-01   6.37169898e-01   5.72475910e-01   2.94630621e-02
   6.30369663e-01   6.63328350e-01   5.58797538e-01   4.40711342e-02
   6.28931224e-01   6.61665976e-01   5.09240866e-01   4.91859317e-02
   6.25157654e-01   5.77514529e-01   5.47433972e-01   5.75646125e-02
   6.28175676e-01   5.86874723e-01   5.55082858e-01   6.09145276e-02
   6.27048731e-01   5.61432242e-01   5.38616478e-01   6.83755428e-02
   6.26502037e-01   5.81476867e-01   4.38758880e-01   7.76853114e-02
   6.27613425e-01   6.17970169e-01   4.93560284e-01]
Squared sum of errors between actual and predicted output: 0.10673943387997048

Actual ouput state iteration 35:
[  1.70000000e-03   0.00000000e+00   1.00000000e-04   0.00000000e+00
   0.00000000e+00   6.66666667e-01   6.36363636e-01   0.00000000e+00
   8.75000000e-01   6.66666667e-01   6.36363636e-01   0.00000000e+00
   1.25000000e-01   6.66666667e-01   6.36363636e-01   0.00000000e+00
   6.25000000e-01   6.66666667e-01   6.36363636e-01   0.00000000e+00
   8.75000000e-01   6.66666667e-01   6.36363636e-01   6.94444444e-03
   6.25000000e-01   5.83333333e-01   6.36363636e-01   8.26446281e-03
   6.25000000e-01   6.66666667e-01   5.45454545e-01   1.52089073e-02
   6.25000000e-01   5.83333333e-01   5.45454545e-01   2.77777778e-02
   6.25000000e-01   5.00000000e-01   6.36363636e-01   3.30578512e-02
   6.25000000e-01   6.66666667e-01   4.54545455e-01   3.60422406e-02
   6.25000000e-01   5.00000000e-01   5.45454545e-01]
Predicted output state:
[  2.64942320e-03   3.87520371e-09   1.00022604e-04   4.53435867e-09
   2.82685497e-09   7.39887774e-01   6.66040599e-01   3.83488796e-09
   1.23910733e-01   7.39887774e-01   6.66040599e-01   2.01519467e-02
   6.39278531e-01   6.26822650e-01   6.24063730e-01   2.65478026e-02
   6.25901163e-01   5.82198441e-01   6.01204693e-01   2.93613989e-02
   6.34278059e-01   6.19853914e-01   6.00522697e-01   4.43823002e-02
   6.27461135e-01   6.17404282e-01   5.48686922e-01   4.96960171e-02
   6.26484632e-01   5.35257638e-01   5.62339962e-01   5.76349609e-02
   6.26883030e-01   5.46323776e-01   5.84575236e-01   6.17557317e-02
   6.25560582e-01   5.49525321e-01   5.46908557e-01   6.96516335e-02
   6.25353932e-01   5.26430368e-01   4.93268102e-01   7.88884237e-02
   6.26558959e-01   5.82926452e-01   4.88692790e-01]
Squared sum of errors between actual and predicted output: 0.12604735897955635

Actual ouput state iteration 36:
[  1.80000000e-03   0.00000000e+00   1.00000000e-04   0.00000000e+00
   0.00000000e+00   5.83333333e-01   6.36363636e-01   0.00000000e+00
   6.25000000e-01   5.83333333e-01   6.36363636e-01   0.00000000e+00
   8.75000000e-01   5.83333333e-01   6.36363636e-01   0.00000000e+00
   1.25000000e-01   5.83333333e-01   6.36363636e-01   6.94444444e-03
   8.75000000e-01   6.66666667e-01   6.36363636e-01   6.94444444e-03
   8.75000000e-01   6.66666667e-01   6.36363636e-01   6.94444444e-03
   6.25000000e-01   6.66666667e-01   6.36363636e-01   6.94444444e-03
   6.25000000e-01   5.00000000e-01   6.36363636e-01   8.26446281e-03
   6.25000000e-01   5.83333333e-01   5.45454545e-01   1.52089073e-02
   6.25000000e-01   6.66666667e-01   5.45454545e-01   1.52089073e-02
   6.25000000e-01   5.00000000e-01   5.45454545e-01]
Predicted output state:
[  1.12675747e-03   3.16107007e-09   9.99717740e-05   3.14329784e-09
   2.05354489e-09   7.15828121e-01   7.17059195e-01   3.03199177e-09
   8.24847639e-01   7.15828300e-01   7.17059314e-01   2.13276199e-03
   1.57673940e-01   6.28340542e-01   6.62678421e-01   1.96797890e-03
   6.42511427e-01   5.96561253e-01   6.35659516e-01   2.73198262e-03
   6.46862686e-01   6.16771519e-01   6.18644536e-01   4.81834915e-03
   7.00232089e-01   6.45883381e-01   5.87062955e-01   5.25110681e-03
   7.52105832e-01   5.41289866e-01   6.11497700e-01   6.08090777e-03
   6.82107151e-01   6.02575600e-01   5.48570931e-01   5.62303001e-03
   6.69614315e-01   5.08994162e-01   5.44871867e-01   9.88328457e-03
   6.56268418e-01   5.83286881e-01   5.06609738e-01   1.06593873e-02
   6.64430499e-01   6.46092832e-01   5.46242595e-01]
Squared sum of errors between actual and predicted output: 0.1813210827757397

Actual ouput state iteration 37:
[  1.80000000e-03   0.00000000e+00   1.00000000e-04   0.00000000e+00
   0.00000000e+00   5.83333333e-01   7.27272727e-01   0.00000000e+00
   1.25000000e-01   5.83333333e-01   7.27272727e-01   8.26446281e-03
   6.25000000e-01   5.83333333e-01   6.36363636e-01   8.26446281e-03
   8.75000000e-01   5.83333333e-01   6.36363636e-01   1.52089073e-02
   8.75000000e-01   6.66666667e-01   6.36363636e-01   1.52089073e-02
   6.25000000e-01   6.66666667e-01   6.36363636e-01   1.52089073e-02
   6.25000000e-01   5.00000000e-01   6.36363636e-01   3.30578512e-02
   6.25000000e-01   5.83333333e-01   5.45454545e-01   3.60422406e-02
   6.25000000e-01   4.16666667e-01   6.36363636e-01   4.00022957e-02
   6.25000000e-01   6.66666667e-01   5.45454545e-01   4.00022957e-02
   6.25000000e-01   5.00000000e-01   5.45454545e-01]
Predicted output state:
[  2.64183106e-03   1.31144651e-09   1.00002282e-04   1.37434475e-09
   7.41837647e-10   7.33021259e-01   6.26125872e-01   1.10888887e-09
   8.43609333e-01   7.33021319e-01   6.26125991e-01   1.09692735e-17
   7.64225185e-01   6.53115273e-01   5.83977461e-01   4.18481092e-22
   1.87890917e-01   6.03781044e-01   5.88611722e-01   7.57774282e-22
   8.16808343e-01   6.15649521e-01   5.54158032e-01   7.91455845e-20
   6.49347663e-01   6.48179293e-01   5.13323307e-01   1.78644791e-18
   6.50644779e-01   5.29952109e-01   5.02525866e-01   1.18991286e-18
   6.43922508e-01   4.63216811e-01   5.50200224e-01   4.78285403e-21
   6.41267240e-01   4.99626964e-01   5.59707642e-01   5.42068495e-18
   6.38600945e-01   6.15168810e-01   4.92350906e-01   5.08954346e-18
   6.35626435e-01   5.48939705e-01   4.51985210e-01]
Squared sum of errors between actual and predicted output: 0.2699944826554128

Actual ouput state iteration 38:
[  1.80000000e-03   0.00000000e+00   1.00000000e-04   0.00000000e+00
   0.00000000e+00   5.00000000e-01   7.27272727e-01   0.00000000e+00
   1.25000000e-01   5.00000000e-01   7.27272727e-01   8.26446281e-03
   6.25000000e-01   5.00000000e-01   6.36363636e-01   1.52089073e-02
   6.25000000e-01   4.16666667e-01   6.36363636e-01   1.52089073e-02
   8.75000000e-01   5.83333333e-01   6.36363636e-01   1.52089073e-02
   6.25000000e-01   5.83333333e-01   6.36363636e-01   3.30578512e-02
   6.25000000e-01   5.00000000e-01   5.45454545e-01   3.60422406e-02
   6.25000000e-01   6.66666667e-01   6.36363636e-01   3.60422406e-02
   6.25000000e-01   3.33333333e-01   6.36363636e-01   4.00022957e-02
   6.25000000e-01   4.16666667e-01   5.45454545e-01   4.00022957e-02
   6.25000000e-01   5.83333333e-01   5.45454545e-01]
Predicted output state:
[  2.64340220e-03   4.77842477e-09   1.00022218e-04   5.67684744e-09
   3.46228668e-09   6.99069202e-01   7.13998079e-01   4.65917571e-09
   1.25453055e-01   6.99069202e-01   7.13998079e-01   1.95684340e-02
   6.39789939e-01   5.84626675e-01   6.66368663e-01   2.56162174e-02
   6.27184451e-01   5.41717887e-01   6.38776243e-01   2.84249634e-02
   6.35908425e-01   5.83715796e-01   6.35973275e-01   4.30176780e-02
   6.27181828e-01   5.93156159e-01   5.84907174e-01   4.79519293e-02
   6.26995385e-01   5.01925409e-01   5.99233568e-01   5.62219247e-02
   6.26453698e-01   5.17210424e-01   5.97356260e-01   5.98288439e-02
   6.25216186e-01   5.24907231e-01   5.70700288e-01   6.76188394e-02
   6.25110805e-01   5.00762582e-01   5.15368044e-01   7.64634609e-02
   6.25994325e-01   5.70969701e-01   5.19440949e-01]
Squared sum of errors between actual and predicted output: 0.22778537401166984

Actual ouput state iteration 39:
[  1.80000000e-03   0.00000000e+00   1.00000000e-04   0.00000000e+00
   0.00000000e+00   4.16666667e-01   7.27272727e-01   0.00000000e+00
   1.25000000e-01   4.16666667e-01   7.27272727e-01   8.26446281e-03
   6.25000000e-01   4.16666667e-01   6.36363636e-01   1.52089073e-02
   6.25000000e-01   5.00000000e-01   6.36363636e-01   1.52089073e-02
   6.25000000e-01   3.33333333e-01   6.36363636e-01   3.30578512e-02
   6.25000000e-01   4.16666667e-01   5.45454545e-01   3.60422406e-02
   6.25000000e-01   5.83333333e-01   6.36363636e-01   3.60422406e-02
   6.25000000e-01   2.50000000e-01   6.36363636e-01   4.00022957e-02
   6.25000000e-01   5.00000000e-01   5.45454545e-01   4.00022957e-02
   6.25000000e-01   3.33333333e-01   5.45454545e-01   6.08356290e-02
   6.25000000e-01   5.83333333e-01   5.45454545e-01]
Predicted output state:
[  2.65049189e-03   5.92031757e-09   1.00024889e-04   7.12616322e-09
   4.09015133e-09   5.70830762e-01   7.83098936e-01   5.70417713e-09
   1.25322223e-01   5.70830822e-01   7.83098936e-01   2.29344852e-02
   6.37406647e-01   5.03855169e-01   7.10888982e-01   2.94276327e-02
   6.26658022e-01   4.68525231e-01   6.83974326e-01   3.29918265e-02
   6.35082543e-01   5.13742626e-01   6.71752512e-01   4.85489927e-02
   6.26954734e-01   5.55967093e-01   6.21990263e-01   5.29236645e-02
   6.26266003e-01   4.52590227e-01   6.47097111e-01   6.38045296e-02
   6.26035571e-01   4.63501722e-01   6.03366554e-01   6.68721721e-02
   6.25353217e-01   4.61021334e-01   6.08641326e-01   7.46221915e-02
   6.25057518e-01   4.74158227e-01   5.17753065e-01   8.32816437e-02
   6.25376701e-01   5.75237572e-01   5.69885135e-01]
Squared sum of errors between actual and predicted output: 0.1753517017383579

Actual ouput state iteration 40:
[  1.80000000e-03   0.00000000e+00   1.00000000e-04   0.00000000e+00
   0.00000000e+00   3.33333333e-01   7.27272727e-01   0.00000000e+00
   1.25000000e-01   3.33333333e-01   7.27272727e-01   8.26446281e-03
   6.25000000e-01   3.33333333e-01   6.36363636e-01   1.52089073e-02
   6.25000000e-01   2.50000000e-01   6.36363636e-01   1.52089073e-02
   6.25000000e-01   4.16666667e-01   6.36363636e-01   3.30578512e-02
   6.25000000e-01   3.33333333e-01   5.45454545e-01   3.60422406e-02
   6.25000000e-01   5.00000000e-01   6.36363636e-01   4.00022957e-02
   6.25000000e-01   2.50000000e-01   5.45454545e-01   4.00022957e-02
   6.25000000e-01   4.16666667e-01   5.45454545e-01   6.08356290e-02
   6.25000000e-01   5.00000000e-01   5.45454545e-01   7.07644628e-02
   6.25000000e-01   5.83333333e-01   6.36363636e-01]
Predicted output state:
[  2.65825400e-03   1.58212146e-08   1.00032805e-04   1.92962464e-08
   1.19770389e-08   3.35272431e-01   7.80325592e-01   1.41867265e-08
   1.31393909e-01   3.35272521e-01   7.80325711e-01   2.56906804e-02
   6.35419369e-01   3.49510431e-01   6.88055754e-01   3.49511430e-02
   6.30184829e-01   3.44250500e-01   6.48724675e-01   3.97246443e-02
   6.38110578e-01   3.96356881e-01   6.60885394e-01   5.72930984e-02
   6.25153482e-01   4.18571144e-01   6.17512405e-01   6.25526011e-02
   6.27334058e-01   3.63995790e-01   6.10518754e-01   7.42100105e-02
   6.23394191e-01   3.95940542e-01   5.96030831e-01   7.98174366e-02
   6.23504281e-01   4.23911214e-01   5.77351987e-01   8.91549066e-02
   6.23628914e-01   3.50132942e-01   5.48916578e-01   9.83587056e-02
   6.23860836e-01   4.43526119e-01   5.35780132e-01]
Squared sum of errors between actual and predicted output: 0.1684973416506377

Actual ouput state iteration 41:
[  1.90000000e-03   0.00000000e+00   1.00000000e-04   0.00000000e+00
   0.00000000e+00   3.33333333e-01   6.36363636e-01   0.00000000e+00
   1.25000000e-01   3.33333333e-01   6.36363636e-01   0.00000000e+00
   8.75000000e-01   3.33333333e-01   6.36363636e-01   0.00000000e+00
   6.25000000e-01   3.33333333e-01   6.36363636e-01   6.94444444e-03
   6.25000000e-01   2.50000000e-01   6.36363636e-01   6.94444444e-03
   6.25000000e-01   4.16666667e-01   6.36363636e-01   8.26446281e-03
   6.25000000e-01   3.33333333e-01   5.45454545e-01   1.52089073e-02
   6.25000000e-01   2.50000000e-01   5.45454545e-01   1.52089073e-02
   6.25000000e-01   4.16666667e-01   5.45454545e-01   2.77777778e-02
   6.25000000e-01   5.00000000e-01   6.36363636e-01   3.30578512e-02
   6.25000000e-01   3.33333333e-01   4.54545455e-01]
Predicted output state:
[  2.60386989e-03   1.01084616e-08   1.00010009e-04   1.26426274e-08
   7.40209805e-09   2.97936857e-01   7.60042846e-01   9.75689574e-09
   1.33304998e-01   2.97936797e-01   7.60042906e-01   1.53320907e-02
   6.41362727e-01   2.99044132e-01   7.11796939e-01   1.98723432e-02
   6.32140517e-01   2.93766797e-01   6.74249947e-01   2.31019519e-02
   6.40374422e-01   3.42262208e-01   6.70597017e-01   3.48840989e-02
   6.27654254e-01   3.90519798e-01   6.38278663e-01   3.82963791e-02
   6.28320038e-01   3.20606023e-01   6.61116958e-01   4.76616547e-02
   6.24393582e-01   3.51393044e-01   5.69312632e-01   4.89308313e-02
   6.24964654e-01   3.75742525e-01   6.03119850e-01   5.62299453e-02
   6.24784827e-01   3.31684768e-01   5.24127364e-01   6.34330809e-02
   6.23940110e-01   4.54985470e-01   6.03823841e-01]
Squared sum of errors between actual and predicted output: 0.1294267048225099

Actual ouput state iteration 42:
[  2.00000000e-03   0.00000000e+00   1.00000000e-04   0.00000000e+00
   0.00000000e+00   2.50000000e-01   6.36363636e-01   0.00000000e+00
   1.25000000e-01   2.50000000e-01   6.36363636e-01   0.00000000e+00
   8.75000000e-01   2.50000000e-01   6.36363636e-01   0.00000000e+00
   6.25000000e-01   2.50000000e-01   6.36363636e-01   6.94444444e-03
   8.75000000e-01   3.33333333e-01   6.36363636e-01   6.94444444e-03
   6.25000000e-01   3.33333333e-01   6.36363636e-01   8.26446281e-03
   6.25000000e-01   2.50000000e-01   5.45454545e-01   1.52089073e-02
   6.25000000e-01   3.33333333e-01   5.45454545e-01   2.77777778e-02
   6.25000000e-01   4.16666667e-01   6.36363636e-01   3.30578512e-02
   6.25000000e-01   2.50000000e-01   4.54545455e-01   3.60422406e-02
   6.25000000e-01   4.16666667e-01   5.45454545e-01]
Predicted output state:
[  2.57828482e-03   2.08325623e-08   9.99720578e-05   2.61214677e-08
   1.74431491e-08   2.99966335e-01   6.62061274e-01   1.89553173e-08
   1.39200494e-01   2.99966395e-01   6.62061334e-01   1.26850232e-02
   6.45990610e-01   2.94112235e-01   6.42639697e-01   1.77155677e-02
   6.36160076e-01   2.97138870e-01   5.92997074e-01   2.02780254e-02
   6.44577026e-01   3.58150005e-01   6.21065617e-01   3.18687111e-02
   6.27122700e-01   3.41251075e-01   5.95297873e-01   3.64431292e-02
   6.31366014e-01   2.90909261e-01   5.67068875e-01   4.19974402e-02
   6.23273194e-01   3.96580726e-01   5.67853212e-01   4.56831232e-02
   6.23207927e-01   4.46840495e-01   5.36092341e-01   5.38249165e-02
   6.24157488e-01   2.91115999e-01   5.49517810e-01   6.20875694e-02
   6.23998523e-01   2.82581389e-01   5.35435796e-01]
Squared sum of errors between actual and predicted output: 0.17161005735571597

Actual ouput state iteration 43:
[  2.00000000e-03   0.00000000e+00   1.00000000e-04   0.00000000e+00
   0.00000000e+00   2.50000000e-01   7.27272727e-01   0.00000000e+00
   1.25000000e-01   2.50000000e-01   7.27272727e-01   8.26446281e-03
   8.75000000e-01   2.50000000e-01   6.36363636e-01   8.26446281e-03
   6.25000000e-01   2.50000000e-01   6.36363636e-01   1.52089073e-02
   8.75000000e-01   3.33333333e-01   6.36363636e-01   1.52089073e-02
   6.25000000e-01   3.33333333e-01   6.36363636e-01   3.30578512e-02
   6.25000000e-01   2.50000000e-01   5.45454545e-01   3.60422406e-02
   6.25000000e-01   4.16666667e-01   6.36363636e-01   4.00022957e-02
   6.25000000e-01   3.33333333e-01   5.45454545e-01   6.08356290e-02
   6.25000000e-01   4.16666667e-01   5.45454545e-01   7.07644628e-02
   6.25000000e-01   5.00000000e-01   6.36363636e-01]
Predicted output state:
[  2.59027351e-03   1.71569052e-08   9.99887488e-05   2.16072245e-08
   1.41734731e-08   2.45342970e-01   6.34188592e-01   1.61683467e-08
   1.38053969e-01   2.45342970e-01   6.34188592e-01   1.32172415e-02
   6.44641340e-01   2.73442745e-01   6.11166894e-01   1.85475070e-02
   6.35075986e-01   2.76706934e-01   5.67590714e-01   2.12805625e-02
   6.43221140e-01   3.38298321e-01   5.97176969e-01   3.32719795e-02
   6.27247095e-01   3.30425829e-01   5.70113361e-01   3.78315523e-02
   6.30497634e-01   2.87976593e-01   5.43572187e-01   4.39476743e-02
   6.23337865e-01   3.73081177e-01   5.55381060e-01   4.76916619e-02
   6.23607397e-01   4.23957407e-01   5.25202334e-01   5.58586605e-02
   6.24176979e-01   2.87068456e-01   5.26430070e-01   6.41584173e-02
   6.24108613e-01   3.05371940e-01   5.12679994e-01]
Squared sum of errors between actual and predicted output: 0.16009912417493474

Actual ouput state iteration 44:
[  2.00000000e-03   0.00000000e+00   1.00000000e-04   0.00000000e+00
   0.00000000e+00   1.66666667e-01   7.27272727e-01   0.00000000e+00
   1.25000000e-01   1.66666667e-01   7.27272727e-01   1.52089073e-02
   6.25000000e-01   2.50000000e-01   6.36363636e-01   1.52089073e-02
   8.75000000e-01   2.50000000e-01   6.36363636e-01   3.60422406e-02
   6.25000000e-01   3.33333333e-01   6.36363636e-01   4.00022957e-02
   6.25000000e-01   2.50000000e-01   5.45454545e-01   6.08356290e-02
   6.25000000e-01   3.33333333e-01   5.45454545e-01   7.07644628e-02
   6.25000000e-01   4.16666667e-01   6.36363636e-01   8.13246097e-02
   6.25000000e-01   2.50000000e-01   4.54545455e-01   9.55578512e-02
   6.25000000e-01   4.16666667e-01   5.45454545e-01   1.02157943e-01
   6.25000000e-01   3.33333333e-01   4.54545455e-01]
Predicted output state:
[  2.61648977e-03   1.42148950e-08   1.00018980e-04   1.79969231e-08
   1.09000400e-08   2.19243839e-01   7.30148315e-01   1.35452298e-08
   1.35276780e-01   2.19243795e-01   7.30148315e-01   1.61568671e-02
   6.40865326e-01   2.59274751e-01   6.73542380e-01   2.18938272e-02
   6.33108795e-01   2.57568121e-01   6.33049190e-01   2.52757147e-02
   6.41389310e-01   3.16144347e-01   6.47741318e-01   3.82971838e-02
   6.26709282e-01   3.48246366e-01   6.12813413e-01   4.23273258e-02
   6.28825247e-01   2.92462170e-01   6.08478725e-01   5.13190813e-02
   6.23477399e-01   3.34023565e-01   5.72527528e-01   5.41461855e-02
   6.24028087e-01   3.72669846e-01   5.72621763e-01   6.22120276e-02
   6.24010921e-01   3.01226288e-01   5.32487333e-01   7.00593367e-02
   6.23655260e-01   4.03144270e-01   5.48517346e-01]
Squared sum of errors between actual and predicted output: 0.1651975092064008



Maximum SSE occurred: 1.0197629059164892
Total SSE: 9.506586202967789
Variance output object: 
[  3.29551040e-07   0.00000000e+00   7.34683969e-40   0.00000000e+00
   0.00000000e+00   3.08528933e-02   2.86834664e-02   0.00000000e+00
   1.15223299e-01   3.08528933e-02   2.86834664e-02   1.70773040e-05
   6.90276465e-02   2.38690664e-02   1.88293834e-02   4.55114178e-05
   5.87488185e-02   2.57298887e-02   1.83099252e-02   5.18821024e-05
   1.95238658e-02   2.55625131e-02   1.90285741e-02   1.09733808e-04
   9.83577505e-03   1.90873766e-02   1.61696011e-02   1.90939482e-04
   8.97920605e-03   2.04920185e-02   1.25607336e-02   2.48818620e-04
   4.96219282e-03   1.84835119e-02   1.16428940e-02   2.86380360e-04
   3.81025520e-03   1.50080078e-02   1.38730491e-02   3.91320155e-04
   0.00000000e+00   1.80765595e-02   1.29200581e-02   5.36154078e-04
   2.59924386e-03   1.81717339e-02   1.20334640e-02]
Variance predicted object: 
[  3.32109778e-07   1.34390777e-15   1.68847876e-15   1.94783569e-15
   8.86521994e-16   4.46848050e-02   3.99536900e-02   8.60659643e-16
   1.18416622e-01   4.46848348e-02   3.99536975e-02   8.02450304e-05
   3.91137302e-02   2.60724407e-02   2.10320931e-02   1.45578117e-04
   3.05768047e-02   2.07994990e-02   1.79691631e-02   1.92170875e-04
   5.40812453e-03   1.78765468e-02   1.56416986e-02   4.01085883e-04
   7.22163706e-04   1.66328363e-02   1.22575164e-02   4.92321502e-04
   2.09831633e-03   1.28076803e-02   1.05839130e-02   7.06977036e-04
   4.23727062e-04   1.18622845e-02   7.99254328e-03   7.92287115e-04
   2.70860648e-04   5.24463877e-03   7.32121756e-03   9.80911427e-04
   1.37665585e-04   1.41391484e-02   7.72236427e-03   1.23018539e-03
   2.06741199e-04   1.31290862e-02   7.58340815e-03]