Game: ZenPuzzle
File: 2-101_1.txt
Actual ouput state iteration 0:
[  1.00000000e-04   0.00000000e+00   1.00000000e-04   0.00000000e+00
   0.00000000e+00   2.50000000e-01   5.00000000e-01   0.00000000e+00
   1.25000000e-01   2.50000000e-01   5.00000000e-01   0.00000000e+00
   8.75000000e-01   2.50000000e-01   5.00000000e-01   0.00000000e+00
   6.25000000e-01   2.50000000e-01   5.00000000e-01   6.94444444e-03
   6.25000000e-01   3.33333333e-01   5.00000000e-01   6.94444444e-03
   6.25000000e-01   2.50000000e-01   4.16666667e-01   6.94444444e-03
   6.25000000e-01   2.50000000e-01   5.83333333e-01   1.38888889e-02
   6.25000000e-01   3.33333333e-01   4.16666667e-01   1.38888889e-02
   6.25000000e-01   3.33333333e-01   5.83333333e-01   2.77777778e-02
   6.25000000e-01   2.50000000e-01   6.66666667e-01   2.77777778e-02
   6.25000000e-01   2.50000000e-01   3.33333333e-01]
Predicted output state:
[  2.54814746e-03   4.37291847e-09   9.99255499e-05   5.10359399e-09
   3.12489790e-09   1.69913769e-01   5.24594307e-01   4.64972105e-09
   1.30022973e-01   1.69913858e-01   5.24594307e-01   1.27760889e-02
   6.40629828e-01   2.32113868e-01   5.22933304e-01   1.56202875e-02
   6.27616227e-01   2.55789250e-01   5.07851720e-01   1.95211601e-02
   6.31204963e-01   2.78837323e-01   4.78628725e-01   2.83858441e-02
   6.33174479e-01   3.19630802e-01   4.82594877e-01   3.09691280e-02
   6.25457585e-01   2.92050719e-01   5.80624938e-01   4.07483391e-02
   6.26134872e-01   3.54308844e-01   3.99500787e-01   3.97210941e-02
   6.29458010e-01   3.14647347e-01   5.35161197e-01   4.60510142e-02
   6.28294468e-01   3.16698283e-01   3.25779349e-01   5.26945591e-02
   6.25833929e-01   3.78327429e-01   6.30763948e-01]
Squared sum of errors between actual and predicted output: 0.04380738770452963

Actual ouput state iteration 1:
[  2.00000000e-04   0.00000000e+00   1.00000000e-04   0.00000000e+00
   0.00000000e+00   2.50000000e-01   5.83333333e-01   0.00000000e+00
   1.25000000e-01   2.50000000e-01   5.83333333e-01   0.00000000e+00
   8.75000000e-01   2.50000000e-01   5.83333333e-01   0.00000000e+00
   6.25000000e-01   2.50000000e-01   5.83333333e-01   6.94444444e-03
   6.25000000e-01   2.50000000e-01   6.66666667e-01   6.94444444e-03
   6.25000000e-01   3.33333333e-01   5.83333333e-01   6.94444444e-03
   8.75000000e-01   2.50000000e-01   5.00000000e-01   6.94444444e-03
   6.25000000e-01   2.50000000e-01   5.00000000e-01   1.38888889e-02
   6.25000000e-01   3.33333333e-01   6.66666667e-01   1.38888889e-02
   6.25000000e-01   3.33333333e-01   5.00000000e-01   2.77777778e-02
   6.25000000e-01   4.16666667e-01   5.83333333e-01]
Predicted output state:
[  2.58535636e-03   1.30790010e-08   9.99871336e-05   1.62256857e-08
   1.11214717e-08   2.26786017e-01   5.16171753e-01   1.28469635e-08
   1.37731060e-01   2.26785973e-01   5.16171753e-01   1.20629594e-02
   6.44664288e-01   2.67141640e-01   5.26252210e-01   1.70718785e-02
   6.34432256e-01   2.75101900e-01   4.89270151e-01   1.98264420e-02
   6.41733170e-01   3.33209753e-01   5.25555193e-01   3.10815908e-02
   6.28167808e-01   3.14524621e-01   5.06648958e-01   3.55994515e-02
   6.29979193e-01   2.95245409e-01   4.84031230e-01   4.14126776e-02
   6.23561025e-01   3.74405026e-01   5.10699153e-01   4.48369868e-02
   6.24337196e-01   4.24918652e-01   4.80123580e-01   5.28191961e-02
   6.24618709e-01   2.79154152e-01   4.79904950e-01   6.09661862e-02
   6.24574065e-01   2.99414039e-01   4.72023010e-01]
Squared sum of errors between actual and predicted output: 0.1742059872581551

Actual ouput state iteration 2:
[  3.00000000e-04   0.00000000e+00   1.00000000e-04   0.00000000e+00
   0.00000000e+00   2.50000000e-01   6.66666667e-01   0.00000000e+00
   1.25000000e-01   2.50000000e-01   6.66666667e-01   0.00000000e+00
   8.75000000e-01   2.50000000e-01   6.66666667e-01   0.00000000e+00
   6.25000000e-01   2.50000000e-01   6.66666667e-01   6.94444444e-03
   8.75000000e-01   2.50000000e-01   5.83333333e-01   6.94444444e-03
   6.25000000e-01   2.50000000e-01   5.83333333e-01   6.94444444e-03
   6.25000000e-01   3.33333333e-01   6.66666667e-01   1.38888889e-02
   6.25000000e-01   3.33333333e-01   5.83333333e-01   2.77777778e-02
   6.25000000e-01   2.50000000e-01   5.00000000e-01   2.77777778e-02
   8.75000000e-01   2.50000000e-01   5.00000000e-01   2.77777778e-02
   6.25000000e-01   4.16666667e-01   6.66666667e-01]
Predicted output state:
[  2.59456784e-03   1.10702976e-08   1.00006488e-04   1.38436667e-08
   8.68731931e-09   2.38555893e-01   6.54138505e-01   1.08527205e-08
   1.35876536e-01   2.38555998e-01   6.54138505e-01   1.31339226e-02
   6.42862797e-01   2.64701337e-01   6.29437625e-01   1.77025627e-02
   6.33541644e-01   2.67202467e-01   5.90167284e-01   2.06969716e-02
   6.41336262e-01   3.18877161e-01   6.04830623e-01   3.18322740e-02
   6.27939939e-01   3.39908153e-01   5.79047859e-01   3.55880521e-02
   6.29025161e-01   3.00935864e-01   5.84426343e-01   4.33765240e-02
   6.23873234e-01   3.43397081e-01   5.36831319e-01   4.53105941e-02
   6.24743938e-01   3.83797139e-01   5.45951307e-01   5.27871661e-02
   6.24635518e-01   2.93565542e-01   5.02079427e-01   6.01262748e-02
   6.24052167e-01   3.88513207e-01   5.43083012e-01]
Squared sum of errors between actual and predicted output: 0.18437669711175317

Actual ouput state iteration 3:
[  4.00000000e-04   0.00000000e+00   1.00000000e-04   0.00000000e+00
   0.00000000e+00   3.33333333e-01   6.66666667e-01   0.00000000e+00
   6.25000000e-01   3.33333333e-01   6.66666667e-01   0.00000000e+00
   1.25000000e-01   3.33333333e-01   6.66666667e-01   0.00000000e+00
   8.75000000e-01   3.33333333e-01   6.66666667e-01   6.94444444e-03
   6.25000000e-01   3.33333333e-01   5.83333333e-01   6.94444444e-03
   8.75000000e-01   2.50000000e-01   6.66666667e-01   6.94444444e-03
   6.25000000e-01   2.50000000e-01   6.66666667e-01   6.94444444e-03
   6.25000000e-01   4.16666667e-01   6.66666667e-01   1.38888889e-02
   8.75000000e-01   2.50000000e-01   5.83333333e-01   1.38888889e-02
   6.25000000e-01   2.50000000e-01   5.83333333e-01   1.38888889e-02
   6.25000000e-01   4.16666667e-01   5.83333333e-01]
Predicted output state:
[  2.56284233e-03   6.72008627e-09   9.99655749e-05   8.21222912e-09
   4.82264007e-09   2.47085795e-01   6.85100257e-01   6.79543710e-09
   1.32765234e-01   2.47085795e-01   6.85100257e-01   1.23791546e-02
   6.42825902e-01   2.63057649e-01   6.63116217e-01   1.53881414e-02
   6.31178021e-01   2.71219730e-01   6.31339431e-01   1.85464080e-02
   6.37638628e-01   3.05279374e-01   6.10856056e-01   2.78681815e-02
   6.30540133e-01   3.56581956e-01   5.95391691e-01   3.05468254e-02
   6.27599955e-01   2.99606413e-01   6.57586634e-01   3.94438319e-02
   6.25323832e-01   3.45631331e-01   4.96844769e-01   3.90630551e-02
   6.27108097e-01   3.42288584e-01   5.90997458e-01   4.54121977e-02
   6.26544058e-01   3.19666862e-01   4.42121297e-01   5.18372655e-02
   6.24638259e-01   4.21585560e-01   6.46608710e-01]
Squared sum of errors between actual and predicted output: 0.22748659371432403

Actual ouput state iteration 4:
[  5.00000000e-04   0.00000000e+00   1.00000000e-04   0.00000000e+00
   0.00000000e+00   3.33333333e-01   5.83333333e-01   0.00000000e+00
   1.25000000e-01   3.33333333e-01   5.83333333e-01   0.00000000e+00
   6.25000000e-01   3.33333333e-01   5.83333333e-01   0.00000000e+00
   8.75000000e-01   3.33333333e-01   5.83333333e-01   6.94444444e-03
   8.75000000e-01   3.33333333e-01   6.66666667e-01   6.94444444e-03
   6.25000000e-01   3.33333333e-01   6.66666667e-01   6.94444444e-03
   6.25000000e-01   2.50000000e-01   5.83333333e-01   6.94444444e-03
   6.25000000e-01   4.16666667e-01   5.83333333e-01   6.94444444e-03
   6.25000000e-01   3.33333333e-01   5.00000000e-01   1.38888889e-02
   8.75000000e-01   2.50000000e-01   6.66666667e-01   1.38888889e-02
   6.25000000e-01   2.50000000e-01   6.66666667e-01]
Predicted output state:
[  1.07247580e-03   8.51438564e-09   9.99394688e-05   9.02812936e-09
   6.15331563e-09   2.71909356e-01   6.89227223e-01   8.15920753e-09
   8.32710981e-01   2.71909446e-01   6.89227402e-01   3.17641883e-03
   1.55052662e-01   2.63657480e-01   6.92134023e-01   4.17402061e-03
   6.68522120e-01   2.84075260e-01   6.42232180e-01   6.14476297e-03
   6.49449527e-01   3.06114733e-01   6.33718371e-01   9.69576277e-03
   7.01982856e-01   3.51273298e-01   6.40071571e-01   9.60268825e-03
   7.56042957e-01   3.06786150e-01   6.73658431e-01   1.21292342e-02
   6.79586709e-01   3.99647057e-01   4.79697376e-01   1.28439507e-02
   6.69247985e-01   3.57699424e-01   5.48572600e-01   1.88252013e-02
   6.56047225e-01   3.10645401e-01   5.23665547e-01   2.07494833e-02
   6.62013352e-01   4.35105324e-01   6.49054945e-01]
Squared sum of errors between actual and predicted output: 0.2767344589292039

Actual ouput state iteration 5:
[  6.00000000e-04   0.00000000e+00   1.00000000e-04   0.00000000e+00
   0.00000000e+00   3.33333333e-01   5.00000000e-01   0.00000000e+00
   8.75000000e-01   3.33333333e-01   5.00000000e-01   0.00000000e+00
   6.25000000e-01   3.33333333e-01   5.00000000e-01   0.00000000e+00
   1.25000000e-01   3.33333333e-01   5.00000000e-01   6.94444444e-03
   6.25000000e-01   3.33333333e-01   4.16666667e-01   6.94444444e-03
   6.25000000e-01   2.50000000e-01   5.00000000e-01   6.94444444e-03
   6.25000000e-01   4.16666667e-01   5.00000000e-01   6.94444444e-03
   6.25000000e-01   3.33333333e-01   5.83333333e-01   6.94444444e-03
   8.75000000e-01   3.33333333e-01   5.83333333e-01   1.38888889e-02
   6.25000000e-01   2.50000000e-01   4.16666667e-01   1.38888889e-02
   6.25000000e-01   2.50000000e-01   5.83333333e-01]
Predicted output state:
[  2.54366733e-03   5.07239619e-08   9.99372787e-05   6.13301268e-08
   4.44046258e-08   3.16042542e-01   6.09450102e-01   4.25276951e-08
   1.39898375e-01   3.16042513e-01   6.09450161e-01   1.09165441e-02
   6.47919714e-01   3.12957793e-01   6.40996695e-01   1.45884175e-02
   6.36164367e-01   3.15367281e-01   5.81123114e-01   1.71497632e-02
   6.43842757e-01   3.63665760e-01   5.99601626e-01   2.67296955e-02
   6.27894878e-01   3.33101928e-01   6.11508787e-01   3.10790855e-02
   6.32973015e-01   2.96225220e-01   5.78978181e-01   3.60331945e-02
   6.24205410e-01   4.07700121e-01   5.27608931e-01   3.82100418e-02
   6.23225808e-01   4.64760423e-01   4.94168192e-01   4.60827164e-02
   6.24701142e-01   2.90815860e-01   5.72428524e-01   5.38251251e-02
   6.24264121e-01   2.45521054e-01   6.04534090e-01]
Squared sum of errors between actual and predicted output: 0.23138443225611316

Actual ouput state iteration 6:
[  7.00000000e-04   0.00000000e+00   1.00000000e-04   0.00000000e+00
   0.00000000e+00   3.33333333e-01   4.16666667e-01   0.00000000e+00
   6.25000000e-01   3.33333333e-01   4.16666667e-01   0.00000000e+00
   1.25000000e-01   3.33333333e-01   4.16666667e-01   0.00000000e+00
   8.75000000e-01   3.33333333e-01   4.16666667e-01   6.94444444e-03
   8.75000000e-01   3.33333333e-01   5.00000000e-01   6.94444444e-03
   6.25000000e-01   3.33333333e-01   5.00000000e-01   6.94444444e-03
   6.25000000e-01   2.50000000e-01   4.16666667e-01   6.94444444e-03
   6.25000000e-01   4.16666667e-01   4.16666667e-01   6.94444444e-03
   6.25000000e-01   3.33333333e-01   3.33333333e-01   1.38888889e-02
   6.25000000e-01   2.50000000e-01   5.00000000e-01   1.38888889e-02
   6.25000000e-01   4.16666667e-01   5.00000000e-01]
Predicted output state:
[  2.47815950e-03   3.00804071e-09   9.99537588e-05   3.31869887e-09
   1.97465999e-09   3.08208078e-01   4.90188807e-01   2.58486166e-09
   8.62106562e-01   3.08207989e-01   4.90188867e-01   6.95634162e-18
   7.62841344e-01   2.82957554e-01   5.62208116e-01   3.20217423e-22
   2.02012122e-01   2.94518411e-01   5.41573048e-01   6.29181069e-22
   8.21490288e-01   3.02722633e-01   5.19777238e-01   6.43910735e-20
   6.53031409e-01   3.32351714e-01   5.31228185e-01   1.41020770e-18
   6.57186210e-01   2.98148453e-01   5.35400212e-01   1.01354378e-18
   6.41896248e-01   2.81828791e-01   4.43729222e-01   4.23920128e-21
   6.41743481e-01   3.65180045e-01   5.27803421e-01   4.58397357e-18
   6.39184117e-01   3.18984389e-01   4.86333102e-01   4.45108204e-18
   6.33696079e-01   3.03504735e-01   5.44496953e-01]
Squared sum of errors between actual and predicted output: 0.20707504833242324

Actual ouput state iteration 7:
[  8.00000000e-04   0.00000000e+00   1.00000000e-04   0.00000000e+00
   0.00000000e+00   4.16666667e-01   4.16666667e-01   0.00000000e+00
   8.75000000e-01   4.16666667e-01   4.16666667e-01   0.00000000e+00
   1.25000000e-01   4.16666667e-01   4.16666667e-01   0.00000000e+00
   6.25000000e-01   4.16666667e-01   4.16666667e-01   6.94444444e-03
   6.25000000e-01   5.00000000e-01   4.16666667e-01   6.94444444e-03
   6.25000000e-01   4.16666667e-01   5.00000000e-01   6.94444444e-03
   8.75000000e-01   3.33333333e-01   4.16666667e-01   6.94444444e-03
   6.25000000e-01   4.16666667e-01   3.33333333e-01   6.94444444e-03
   6.25000000e-01   3.33333333e-01   4.16666667e-01   1.38888889e-02
   6.25000000e-01   5.00000000e-01   5.00000000e-01   1.38888889e-02
   6.25000000e-01   3.33333333e-01   5.00000000e-01]
Predicted output state:
[  2.53424584e-03   3.30055006e-09   9.99251715e-05   3.79130194e-09
   2.61196109e-09   2.98554778e-01   3.54140222e-01   3.61568486e-09
   1.31702870e-01   2.98555017e-01   3.54140222e-01   9.24281869e-03
   6.44698262e-01   3.07161659e-01   4.30533201e-01   1.17301317e-02
   6.29485130e-01   3.26098949e-01   4.14787263e-01   1.45175578e-02
   6.33531928e-01   3.52308691e-01   4.09733802e-01   2.21350864e-02
   6.33447945e-01   3.49799991e-01   4.17153209e-01   2.50716750e-02
   6.26926363e-01   3.44249547e-01   4.93335634e-01   3.17213498e-02
   6.26415074e-01   4.15087551e-01   3.80985796e-01   3.15571167e-02
   6.29063666e-01   3.94328117e-01   4.63191390e-01   3.75290997e-02
   6.28167212e-01   3.32003146e-01   3.23802441e-01   4.38668020e-02
   6.26486123e-01   3.64956617e-01   5.41158140e-01]
Squared sum of errors between actual and predicted output: 0.7412111765452674

Actual ouput state iteration 8:
[  9.00000000e-04   0.00000000e+00   1.00000000e-04   0.00000000e+00
   0.00000000e+00   5.00000000e-01   4.16666667e-01   0.00000000e+00
   8.75000000e-01   5.00000000e-01   4.16666667e-01   0.00000000e+00
   1.25000000e-01   5.00000000e-01   4.16666667e-01   0.00000000e+00
   6.25000000e-01   5.00000000e-01   4.16666667e-01   6.94444444e-03
   8.75000000e-01   4.16666667e-01   4.16666667e-01   6.94444444e-03
   6.25000000e-01   4.16666667e-01   4.16666667e-01   6.94444444e-03
   6.25000000e-01   5.00000000e-01   5.00000000e-01   6.94444444e-03
   6.25000000e-01   5.00000000e-01   3.33333333e-01   6.94444444e-03
   6.25000000e-01   5.83333333e-01   4.16666667e-01   1.38888889e-02
   6.25000000e-01   4.16666667e-01   5.00000000e-01   1.38888889e-02
   6.25000000e-01   4.16666667e-01   3.33333333e-01]
Predicted output state:
[  1.10828504e-03   3.66392006e-09   9.99421318e-05   3.60904306e-09
   2.75764434e-09   3.76671016e-01   4.04352903e-01   3.71498010e-09
   8.36422801e-01   3.76671135e-01   4.04352993e-01   7.84910866e-04
   1.64180502e-01   3.88410389e-01   4.46378529e-01   6.68943278e-04
   6.41560316e-01   4.10685539e-01   4.23199981e-01   1.00008084e-03
   6.51203692e-01   4.22339588e-01   4.29832727e-01   1.89114816e-03
   7.02333689e-01   4.14309531e-01   4.45221931e-01   2.20069196e-03
   7.52110958e-01   4.20352399e-01   4.71891642e-01   2.58246087e-03
   6.80309355e-01   5.00698268e-01   3.97778302e-01   2.19827471e-03
   6.70371294e-01   4.42617536e-01   4.17851835e-01   4.37482633e-03
   6.56864762e-01   3.84782732e-01   4.04805869e-01   4.81787790e-03
   6.63793683e-01   4.50707078e-01   4.91455585e-01]
Squared sum of errors between actual and predicted output: 0.11744374779088934

Actual ouput state iteration 9:
[  1.00000000e-03   0.00000000e+00   1.00000000e-04   0.00000000e+00
   0.00000000e+00   5.00000000e-01   3.33333333e-01   0.00000000e+00
   1.25000000e-01   5.00000000e-01   3.33333333e-01   0.00000000e+00
   8.75000000e-01   5.00000000e-01   3.33333333e-01   0.00000000e+00
   6.25000000e-01   5.00000000e-01   3.33333333e-01   6.94444444e-03
   6.25000000e-01   4.16666667e-01   3.33333333e-01   6.94444444e-03
   6.25000000e-01   5.00000000e-01   2.50000000e-01   6.94444444e-03
   6.25000000e-01   5.83333333e-01   3.33333333e-01   6.94444444e-03
   8.75000000e-01   5.00000000e-01   4.16666667e-01   6.94444444e-03
   6.25000000e-01   5.00000000e-01   4.16666667e-01   1.38888889e-02
   6.25000000e-01   4.16666667e-01   2.50000000e-01   1.38888889e-02
   8.75000000e-01   4.16666667e-01   4.16666667e-01]
Predicted output state:
[  1.09464664e-03   3.04489234e-09   9.99459444e-05   2.95593172e-09
   2.26339347e-09   4.72139060e-01   4.04342920e-01   3.10573522e-09
   8.31857204e-01   4.72139180e-01   4.04343069e-01   1.95531431e-03
   1.54823959e-01   4.64319110e-01   4.36717868e-01   2.11699959e-03
   6.50596917e-01   4.76363987e-01   4.17927623e-01   3.09843896e-03
   6.44486725e-01   4.87683237e-01   4.24062848e-01   5.28775807e-03
   7.03183770e-01   4.73038852e-01   4.32365298e-01   5.72849996e-03
   7.53551483e-01   4.69207823e-01   4.57629353e-01   6.70658797e-03
   6.81684136e-01   5.47745168e-01   4.08555239e-01   6.56129234e-03
   6.71094239e-01   4.75986063e-01   4.13488358e-01   1.10780830e-02
   6.57318830e-01   4.37883884e-01   3.99635613e-01   1.22077530e-02
   6.64978147e-01   4.92839873e-01   4.70076740e-01]
Squared sum of errors between actual and predicted output: 0.1570525031201565

Actual ouput state iteration 10:
[  1.10000000e-03   0.00000000e+00   1.00000000e-04   0.00000000e+00
   0.00000000e+00   5.83333333e-01   3.33333333e-01   0.00000000e+00
   8.75000000e-01   5.83333333e-01   3.33333333e-01   0.00000000e+00
   1.25000000e-01   5.83333333e-01   3.33333333e-01   0.00000000e+00
   6.25000000e-01   5.83333333e-01   3.33333333e-01   6.94444444e-03
   6.25000000e-01   6.66666667e-01   3.33333333e-01   6.94444444e-03
   6.25000000e-01   5.83333333e-01   2.50000000e-01   6.94444444e-03
   8.75000000e-01   5.00000000e-01   3.33333333e-01   6.94444444e-03
   6.25000000e-01   5.00000000e-01   3.33333333e-01   6.94444444e-03
   6.25000000e-01   5.83333333e-01   4.16666667e-01   1.38888889e-02
   6.25000000e-01   6.66666667e-01   2.50000000e-01   1.38888889e-02
   6.25000000e-01   6.66666667e-01   4.16666667e-01]
Predicted output state:
[  2.56492035e-03   1.92100869e-09   9.99440381e-05   2.11856976e-09
   1.56075941e-09   4.90706891e-01   2.47091606e-01   2.18324536e-09
   1.26903623e-01   4.90707070e-01   2.47091547e-01   1.09183462e-02
   6.42371476e-01   4.52435762e-01   3.35395604e-01   1.41426297e-02
   6.25948966e-01   4.59153712e-01   3.32957298e-01   1.71779972e-02
   6.29586995e-01   4.77347493e-01   3.36252332e-01   2.60313265e-02
   6.33305192e-01   4.42807823e-01   3.39885563e-01   2.97931843e-02
   6.25492811e-01   4.56334352e-01   4.03864741e-01   3.64386179e-02
   6.27417445e-01   5.03119826e-01   3.64987284e-01   3.71097624e-02
   6.29456460e-01   4.75952089e-01   4.05511975e-01   4.36408222e-02
   6.28353000e-01   4.10836369e-01   2.94181168e-01   5.09334318e-02
   6.27777338e-01   4.31842506e-01   4.49477464e-01]
Squared sum of errors between actual and predicted output: 0.24381186311853

Actual ouput state iteration 11:
[  1.20000000e-03   0.00000000e+00   1.00000000e-04   0.00000000e+00
   0.00000000e+00   6.66666667e-01   3.33333333e-01   0.00000000e+00
   8.75000000e-01   6.66666667e-01   3.33333333e-01   0.00000000e+00
   1.25000000e-01   6.66666667e-01   3.33333333e-01   0.00000000e+00
   6.25000000e-01   6.66666667e-01   3.33333333e-01   6.94444444e-03
   6.25000000e-01   5.83333333e-01   3.33333333e-01   6.94444444e-03
   8.75000000e-01   5.83333333e-01   3.33333333e-01   6.94444444e-03
   6.25000000e-01   6.66666667e-01   2.50000000e-01   6.94444444e-03
   6.25000000e-01   6.66666667e-01   4.16666667e-01   1.38888889e-02
   6.25000000e-01   5.83333333e-01   2.50000000e-01   1.38888889e-02
   6.25000000e-01   5.83333333e-01   4.16666667e-01   2.77777778e-02
   8.75000000e-01   5.00000000e-01   3.33333333e-01]
Predicted output state:
[  1.10349117e-03   1.79207338e-09   9.99530967e-05   1.67098557e-09
   1.31493061e-09   6.58466220e-01   3.35139424e-01   1.86773863e-09
   8.23035061e-01   6.58466399e-01   3.35139573e-01   3.33930715e-03
   1.50629893e-01   6.24917805e-01   3.60134333e-01   3.97108542e-03
   6.49673581e-01   6.18080556e-01   3.57118070e-01   5.65787451e-03
   6.37656152e-01   6.24311268e-01   3.65347117e-01   9.21574607e-03
   7.03420520e-01   5.86528182e-01   3.63961160e-01   9.78892203e-03
   7.52677560e-01   5.79495311e-01   3.83522183e-01   1.11017143e-02
   6.83156073e-01   6.43554926e-01   4.06583339e-01   1.16525060e-02
   6.71831489e-01   5.52332461e-01   3.76637340e-01   1.83016360e-02
   6.57800317e-01   5.48472464e-01   3.62806350e-01   2.01367587e-02
   6.66632891e-01   5.63668728e-01   3.95655960e-01]
Squared sum of errors between actual and predicted output: 0.14021691197247207

Actual ouput state iteration 12:
[  1.30000000e-03   0.00000000e+00   1.00000000e-04   0.00000000e+00
   0.00000000e+00   6.66666667e-01   4.16666667e-01   0.00000000e+00
   8.75000000e-01   6.66666667e-01   4.16666667e-01   0.00000000e+00
   1.25000000e-01   6.66666667e-01   4.16666667e-01   0.00000000e+00
   6.25000000e-01   6.66666667e-01   4.16666667e-01   6.94444444e-03
   6.25000000e-01   5.83333333e-01   4.16666667e-01   6.94444444e-03
   6.25000000e-01   6.66666667e-01   5.00000000e-01   6.94444444e-03
   8.75000000e-01   6.66666667e-01   3.33333333e-01   6.94444444e-03
   6.25000000e-01   6.66666667e-01   3.33333333e-01   1.38888889e-02
   6.25000000e-01   5.83333333e-01   5.00000000e-01   1.38888889e-02
   6.25000000e-01   5.83333333e-01   3.33333333e-01   1.38888889e-02
   8.75000000e-01   5.83333333e-01   3.33333333e-01]
Predicted output state:
[  1.11117051e-03   1.69120185e-09   9.99536642e-05   1.56829127e-09
   1.24738042e-09   6.54203296e-01   3.09045643e-01   1.77121862e-09
   8.23556066e-01   6.54203415e-01   3.09045851e-01   2.54706573e-03
   1.53124541e-01   6.27609253e-01   3.36423218e-01   2.79028690e-03
   6.45254195e-01   6.22066855e-01   3.36313486e-01   3.99389956e-03
   6.38767421e-01   6.27174854e-01   3.45992655e-01   6.72945008e-03
   7.03210652e-01   5.84869087e-01   3.46004844e-01   7.34609459e-03
   7.51870036e-01   5.85021555e-01   3.64236921e-01   8.27053376e-03
   6.82956159e-01   6.46329045e-01   3.96896750e-01   8.30962230e-03
   6.71786249e-01   5.55712283e-01   3.64599884e-01   1.38154766e-02
   6.57769799e-01   5.49398482e-01   3.51472616e-01   1.51886987e-02
   6.66593254e-01   5.60351014e-01   3.81554604e-01]
Squared sum of errors between actual and predicted output: 0.15296915643424547

Actual ouput state iteration 13:
[  1.40000000e-03   0.00000000e+00   1.00000000e-04   0.00000000e+00
   0.00000000e+00   5.83333333e-01   4.16666667e-01   0.00000000e+00
   6.25000000e-01   5.83333333e-01   4.16666667e-01   0.00000000e+00
   8.75000000e-01   5.83333333e-01   4.16666667e-01   0.00000000e+00
   1.25000000e-01   5.83333333e-01   4.16666667e-01   6.94444444e-03
   8.75000000e-01   6.66666667e-01   4.16666667e-01   6.94444444e-03
   6.25000000e-01   6.66666667e-01   4.16666667e-01   6.94444444e-03
   6.25000000e-01   5.83333333e-01   5.00000000e-01   6.94444444e-03
   6.25000000e-01   5.83333333e-01   3.33333333e-01   6.94444444e-03
   6.25000000e-01   5.00000000e-01   4.16666667e-01   1.38888889e-02
   6.25000000e-01   6.66666667e-01   5.00000000e-01   1.38888889e-02
   8.75000000e-01   6.66666667e-01   3.33333333e-01]
Predicted output state:
[  1.12289784e-03   1.88047111e-09   9.99596741e-05   1.77048587e-09
   1.33344857e-09   6.90559804e-01   4.12901670e-01   1.92418059e-09
   8.23444366e-01   6.90559983e-01   4.12901849e-01   1.98605051e-03
   1.56585291e-01   6.44907355e-01   4.16841120e-01   1.93649286e-03
   6.40740395e-01   6.30368292e-01   4.10666138e-01   2.74761417e-03
   6.41849279e-01   6.38519645e-01   4.12924200e-01   4.81828302e-03
   7.02115834e-01   6.14494443e-01   4.03258711e-01   5.37057314e-03
   7.51218915e-01   5.85068822e-01   4.23547566e-01   6.05033990e-03
   6.82654321e-01   6.43562734e-01   4.38145399e-01   5.73758688e-03
   6.71104431e-01   5.50907195e-01   4.09662664e-01   1.01190656e-02
   6.57310069e-01   5.71294487e-01   3.88861924e-01   1.10571291e-02
   6.65997982e-01   5.91976047e-01   4.18929249e-01]
Squared sum of errors between actual and predicted output: 0.14004884690209585

Actual ouput state iteration 14:
[  1.50000000e-03   0.00000000e+00   1.00000000e-04   0.00000000e+00
   0.00000000e+00   5.83333333e-01   5.00000000e-01   0.00000000e+00
   6.25000000e-01   5.83333333e-01   5.00000000e-01   0.00000000e+00
   8.75000000e-01   5.83333333e-01   5.00000000e-01   0.00000000e+00
   1.25000000e-01   5.83333333e-01   5.00000000e-01   6.94444444e-03
   6.25000000e-01   6.66666667e-01   5.00000000e-01   6.94444444e-03
   6.25000000e-01   5.83333333e-01   4.16666667e-01   6.94444444e-03
   8.75000000e-01   5.83333333e-01   4.16666667e-01   6.94444444e-03
   6.25000000e-01   5.83333333e-01   5.83333333e-01   6.94444444e-03
   6.25000000e-01   5.00000000e-01   5.00000000e-01   1.38888889e-02
   8.75000000e-01   6.66666667e-01   4.16666667e-01   1.38888889e-02
   6.25000000e-01   6.66666667e-01   4.16666667e-01]
Predicted output state:
[  2.63808738e-03   1.02300501e-09   9.99934200e-05   1.04205433e-09
   6.16239171e-10   6.85871601e-01   4.25974101e-01   8.99838426e-10
   8.44175875e-01   6.85871840e-01   4.25974131e-01   8.57284776e-18
   7.66079009e-01   6.34042025e-01   4.30227220e-01   3.24961216e-22
   1.86500683e-01   5.99382877e-01   4.47256744e-01   6.00810955e-22
   8.15885603e-01   6.03430688e-01   4.25708443e-01   6.37747980e-20
   6.50497377e-01   6.04510546e-01   4.03372824e-01   1.47937965e-18
   6.49779856e-01   5.38330674e-01   3.90910804e-01   9.72149598e-19
   6.43847287e-01   4.71572250e-01   4.75294858e-01   3.86463952e-21
   6.42046869e-01   5.13472557e-01   4.75103706e-01   4.52647459e-18
   6.39148891e-01   5.83949924e-01   4.20661986e-01   4.28885083e-18
   6.36264145e-01   4.95568573e-01   3.83004606e-01]
Squared sum of errors between actual and predicted output: 0.25522695556589464

Actual ouput state iteration 15:
[  1.60000000e-03   0.00000000e+00   1.00000000e-04   0.00000000e+00
   0.00000000e+00   6.66666667e-01   5.00000000e-01   0.00000000e+00
   8.75000000e-01   6.66666667e-01   5.00000000e-01   0.00000000e+00
   1.25000000e-01   6.66666667e-01   5.00000000e-01   0.00000000e+00
   6.25000000e-01   6.66666667e-01   5.00000000e-01   6.94444444e-03
   8.75000000e-01   5.83333333e-01   5.00000000e-01   6.94444444e-03
   6.25000000e-01   5.83333333e-01   5.00000000e-01   6.94444444e-03
   6.25000000e-01   6.66666667e-01   4.16666667e-01   6.94444444e-03
   6.25000000e-01   6.66666667e-01   5.83333333e-01   1.38888889e-02
   6.25000000e-01   5.83333333e-01   4.16666667e-01   1.38888889e-02
   8.75000000e-01   5.83333333e-01   4.16666667e-01   1.38888889e-02
   6.25000000e-01   5.83333333e-01   5.83333333e-01]
Predicted output state:
[  2.61125504e-03   1.05014919e-09   1.00001816e-04   1.07615650e-09
   6.05028139e-10   7.55029857e-01   5.40011227e-01   9.07759423e-10
   8.41314435e-01   7.55029976e-01   5.40011227e-01   1.98102742e-17
   7.54716337e-01   6.85220540e-01   5.09415388e-01   9.06615397e-22
   1.92118242e-01   6.38988912e-01   5.22839785e-01   1.63572987e-21
   8.13036978e-01   6.45994604e-01   4.92697597e-01   1.58871087e-19
   6.50681317e-01   6.61519885e-01   4.55745369e-01   3.43003014e-18
   6.51765287e-01   5.64026594e-01   4.44075584e-01   2.27621079e-18
   6.44966483e-01   4.94586468e-01   5.22756875e-01   1.01202058e-20
   6.42252803e-01   5.24349570e-01   5.19626260e-01   1.02715161e-17
   6.39229953e-01   6.32334709e-01   4.55566466e-01   9.68651907e-18
   6.36802971e-01   5.53222060e-01   4.09522563e-01]
Squared sum of errors between actual and predicted output: 0.3222986554019553

Actual ouput state iteration 16:
[  1.70000000e-03   0.00000000e+00   1.00000000e-04   0.00000000e+00
   0.00000000e+00   6.66666667e-01   5.83333333e-01   0.00000000e+00
   8.75000000e-01   6.66666667e-01   5.83333333e-01   0.00000000e+00
   1.25000000e-01   6.66666667e-01   5.83333333e-01   0.00000000e+00
   6.25000000e-01   6.66666667e-01   5.83333333e-01   6.94444444e-03
   6.25000000e-01   5.83333333e-01   5.83333333e-01   6.94444444e-03
   6.25000000e-01   6.66666667e-01   6.66666667e-01   6.94444444e-03
   8.75000000e-01   6.66666667e-01   5.00000000e-01   6.94444444e-03
   6.25000000e-01   6.66666667e-01   5.00000000e-01   1.38888889e-02
   6.25000000e-01   5.83333333e-01   6.66666667e-01   1.38888889e-02
   8.75000000e-01   5.83333333e-01   5.00000000e-01   1.38888889e-02
   6.25000000e-01   5.83333333e-01   5.00000000e-01]
Predicted output state:
[  1.14513480e-03   2.37425191e-09   9.99675904e-05   2.29887420e-09
   1.59602043e-09   7.09309518e-01   5.80158412e-01   2.34266451e-09
   8.24537098e-01   7.09309638e-01   5.80158591e-01   1.07066589e-03
   1.64650023e-01   6.42723560e-01   5.46663046e-01   8.22298985e-04
   6.31566644e-01   6.18318319e-01   5.29709756e-01   1.15934189e-03
   6.48360074e-01   6.31880462e-01   5.20063639e-01   2.21619150e-03
   7.00164735e-01   6.36464477e-01   4.97239888e-01   2.59639090e-03
   7.49780178e-01   5.66736341e-01   5.20322740e-01   2.93419836e-03
   6.81709826e-01   6.22545362e-01   4.96885151e-01   2.45513744e-03
   6.69828594e-01   5.30228257e-01   4.81256336e-01   4.94220480e-03
   6.56450808e-01   5.83692074e-01   4.48271751e-01   5.34528121e-03
   6.64680779e-01   6.24019384e-01   4.83142376e-01]
Squared sum of errors between actual and predicted output: 0.20957142248200047

Actual ouput state iteration 17:
[  1.80000000e-03   0.00000000e+00   1.00000000e-04   0.00000000e+00
   0.00000000e+00   5.83333333e-01   5.83333333e-01   0.00000000e+00
   6.25000000e-01   5.83333333e-01   5.83333333e-01   0.00000000e+00
   8.75000000e-01   5.83333333e-01   5.83333333e-01   0.00000000e+00
   1.25000000e-01   5.83333333e-01   5.83333333e-01   6.94444444e-03
   8.75000000e-01   6.66666667e-01   5.83333333e-01   6.94444444e-03
   6.25000000e-01   5.83333333e-01   6.66666667e-01   6.94444444e-03
   6.25000000e-01   6.66666667e-01   5.83333333e-01   6.94444444e-03
   6.25000000e-01   5.83333333e-01   5.00000000e-01   6.94444444e-03
   6.25000000e-01   5.00000000e-01   5.83333333e-01   1.38888889e-02
   6.25000000e-01   6.66666667e-01   6.66666667e-01   1.38888889e-02
   8.75000000e-01   6.66666667e-01   5.00000000e-01]
Predicted output state:
[  1.14043965e-03   2.62151389e-09   9.99701588e-05   2.56636068e-09
   1.72456116e-09   7.28660405e-01   6.52699590e-01   2.55007326e-09
   8.24313581e-01   7.28660524e-01   6.52699709e-01   1.35619775e-03
   1.62412927e-01   6.49314463e-01   6.05680645e-01   1.09613268e-03
   6.34839714e-01   6.19599760e-01   5.84090889e-01   1.53169583e-03
   6.48085356e-01   6.35747015e-01   5.69751322e-01   2.85641709e-03
   7.00015306e-01   6.51731849e-01   5.40904999e-01   3.26578016e-03
   7.50536382e-01   5.63030183e-01   5.65010548e-01   3.72054195e-03
   6.81901336e-01   6.19846463e-01   5.25047243e-01   3.20752570e-03
   6.69665217e-01   5.25556862e-01   5.13583541e-01   6.18282054e-03
   6.56333208e-01   5.93813121e-01   4.76599663e-01   6.67266315e-03
   6.64561510e-01   6.42006755e-01   5.12114227e-01]
Squared sum of errors between actual and predicted output: 0.16873153525623621

Actual ouput state iteration 18:
[  1.90000000e-03   0.00000000e+00   1.00000000e-04   0.00000000e+00
   0.00000000e+00   5.00000000e-01   5.83333333e-01   0.00000000e+00
   1.25000000e-01   5.00000000e-01   5.83333333e-01   0.00000000e+00
   8.75000000e-01   5.00000000e-01   5.83333333e-01   0.00000000e+00
   6.25000000e-01   5.00000000e-01   5.83333333e-01   6.94444444e-03
   6.25000000e-01   5.00000000e-01   6.66666667e-01   6.94444444e-03
   6.25000000e-01   4.16666667e-01   5.83333333e-01   6.94444444e-03
   8.75000000e-01   5.83333333e-01   5.83333333e-01   6.94444444e-03
   6.25000000e-01   5.00000000e-01   5.00000000e-01   6.94444444e-03
   6.25000000e-01   5.83333333e-01   5.83333333e-01   1.38888889e-02
   6.25000000e-01   4.16666667e-01   6.66666667e-01   1.38888889e-02
   6.25000000e-01   5.83333333e-01   6.66666667e-01]
Predicted output state:
[  2.61613773e-03   1.30777467e-09   1.00000856e-04   1.36858735e-09
   7.42655937e-10   7.32876182e-01   6.20615721e-01   1.10912579e-09
   8.43576193e-01   7.32876301e-01   6.20615721e-01   1.51981070e-17
   7.58927822e-01   6.51695609e-01   5.81332028e-01   6.44244198e-22
   1.91252321e-01   6.03339314e-01   5.85748911e-01   1.16494788e-21
   8.15437198e-01   6.14375353e-01   5.51351249e-01   1.16692385e-19
   6.49999678e-01   6.45987213e-01   5.11716604e-01   2.55387775e-18
   6.51841164e-01   5.29904664e-01   5.02131522e-01   1.71199121e-18
   6.44344211e-01   4.64584172e-01   5.46967149e-01   7.27739205e-21
   6.41619503e-01   5.00144541e-01   5.57427764e-01   7.71702436e-18
   6.38834357e-01   6.12504780e-01   4.90336835e-01   7.26248282e-18
   6.35948777e-01   5.47400177e-01   4.53314394e-01]
Squared sum of errors between actual and predicted output: 0.3061333077531113

Actual ouput state iteration 19:
[  2.00000000e-03   0.00000000e+00   1.00000000e-04   0.00000000e+00
   0.00000000e+00   4.16666667e-01   5.83333333e-01   0.00000000e+00
   8.75000000e-01   4.16666667e-01   5.83333333e-01   0.00000000e+00
   1.25000000e-01   4.16666667e-01   5.83333333e-01   0.00000000e+00
   6.25000000e-01   4.16666667e-01   5.83333333e-01   6.94444444e-03
   6.25000000e-01   4.16666667e-01   6.66666667e-01   6.94444444e-03
   8.75000000e-01   5.00000000e-01   5.83333333e-01   6.94444444e-03
   6.25000000e-01   5.00000000e-01   5.83333333e-01   6.94444444e-03
   6.25000000e-01   3.33333333e-01   5.83333333e-01   6.94444444e-03
   6.25000000e-01   4.16666667e-01   5.00000000e-01   1.38888889e-02
   6.25000000e-01   5.00000000e-01   6.66666667e-01   1.38888889e-02
   6.25000000e-01   3.33333333e-01   6.66666667e-01]
Predicted output state:
[  2.59646750e-03   5.39561285e-09   9.99977128e-05   6.49613519e-09
   4.04908196e-09   5.30836523e-01   6.52611256e-01   5.38780753e-09
   1.30264223e-01   5.30836523e-01   6.52611196e-01   1.34576289e-02
   6.43261075e-01   4.44568068e-01   6.41811788e-01   1.74589828e-02
   6.30390584e-01   4.24992710e-01   6.09638512e-01   2.00844631e-02
   6.38391674e-01   4.66245562e-01   6.06895626e-01   3.09896003e-02
   6.28804803e-01   4.80802864e-01   5.74490786e-01   3.47984657e-02
   6.28097057e-01   4.14859325e-01   6.02811575e-01   4.21360582e-02
   6.25859380e-01   4.47167188e-01   5.46090305e-01   4.36463542e-02
   6.25817358e-01   4.64572757e-01   5.57213187e-01   5.06111123e-02
   6.25635803e-01   4.05006409e-01   4.87695932e-01   5.80064841e-02
   6.25426710e-01   4.87330437e-01   5.53898454e-01]
Squared sum of errors between actual and predicted output: 0.2585892831609363

Actual ouput state iteration 20:
[  2.10000000e-03   0.00000000e+00   1.00000000e-04   0.00000000e+00
   0.00000000e+00   4.16666667e-01   6.66666667e-01   0.00000000e+00
   1.25000000e-01   4.16666667e-01   6.66666667e-01   0.00000000e+00
   8.75000000e-01   4.16666667e-01   6.66666667e-01   0.00000000e+00
   6.25000000e-01   4.16666667e-01   6.66666667e-01   6.94444444e-03
   8.75000000e-01   4.16666667e-01   5.83333333e-01   6.94444444e-03
   6.25000000e-01   4.16666667e-01   5.83333333e-01   6.94444444e-03
   6.25000000e-01   5.00000000e-01   6.66666667e-01   6.94444444e-03
   6.25000000e-01   3.33333333e-01   6.66666667e-01   1.38888889e-02
   6.25000000e-01   5.00000000e-01   5.83333333e-01   1.38888889e-02
   8.75000000e-01   5.00000000e-01   5.83333333e-01   1.38888889e-02
   6.25000000e-01   3.33333333e-01   5.83333333e-01]
Predicted output state:
[  1.12992933e-03   5.24638155e-09   9.99528056e-05   5.39871126e-09
   3.63111075e-09   4.36399072e-01   6.71177328e-01   5.02439379e-09
   8.37273598e-01   4.36399132e-01   6.71177447e-01   4.65508288e-04
   1.72222391e-01   3.98237944e-01   6.56606913e-01   3.13055440e-04
   6.33795798e-01   4.02120680e-01   6.18015110e-01   4.59972362e-04
   6.58712924e-01   4.22975481e-01   6.06203020e-01   9.42645129e-04
   6.99857652e-01   4.61777419e-01   6.00221634e-01   1.13821367e-03
   7.51137495e-01   3.97693515e-01   6.29517496e-01   1.34959235e-03
   6.79389954e-01   4.74799484e-01   4.95121747e-01   1.01786898e-03
   6.68671370e-01   4.17235076e-01   5.35389602e-01   2.27492326e-03
   6.55732870e-01   4.12225842e-01   5.05020916e-01   2.47110520e-03
   6.62114441e-01   5.10227263e-01   5.95830679e-01]
Squared sum of errors between actual and predicted output: 0.19965057157804456

Actual ouput state iteration 21:
[  2.20000000e-03   0.00000000e+00   1.00000000e-04   0.00000000e+00
   0.00000000e+00   5.00000000e-01   6.66666667e-01   0.00000000e+00
   1.25000000e-01   5.00000000e-01   6.66666667e-01   0.00000000e+00
   8.75000000e-01   5.00000000e-01   6.66666667e-01   0.00000000e+00
   6.25000000e-01   5.00000000e-01   6.66666667e-01   6.94444444e-03
   6.25000000e-01   5.00000000e-01   5.83333333e-01   6.94444444e-03
   8.75000000e-01   4.16666667e-01   6.66666667e-01   6.94444444e-03
   6.25000000e-01   4.16666667e-01   6.66666667e-01   6.94444444e-03
   6.25000000e-01   5.83333333e-01   6.66666667e-01   1.38888889e-02
   8.75000000e-01   4.16666667e-01   5.83333333e-01   1.38888889e-02
   6.25000000e-01   4.16666667e-01   5.83333333e-01   1.38888889e-02
   6.25000000e-01   5.83333333e-01   5.83333333e-01]
Predicted output state:
[  2.58190953e-03   1.85792253e-08   9.99682525e-05   2.27255654e-08
   1.55927538e-08   4.46319461e-01   6.85726643e-01   1.64576122e-08
   1.37968794e-01   4.46319461e-01   6.85726762e-01   1.35612441e-02
   6.45276845e-01   3.66103023e-01   6.64192915e-01   1.87197924e-02
   6.35657966e-01   3.65300268e-01   6.11583292e-01   2.13777199e-02
   6.44121706e-01   4.19540405e-01   6.35932744e-01   3.32677886e-02
   6.26872063e-01   3.91425878e-01   6.06832802e-01   3.80706973e-02
   6.31140828e-01   3.37902129e-01   5.87468147e-01   4.37696353e-02
   6.23505890e-01   4.46184129e-01   5.76558173e-01   4.75111306e-02
   6.23158395e-01   4.88666177e-01   5.43807447e-01   5.58224358e-02
   6.24231458e-01   3.21965396e-01   5.60693681e-01   6.42055050e-02
   6.24150038e-01   3.07130575e-01   5.41661739e-01]
Squared sum of errors between actual and predicted output: 0.28288371574680987

Actual ouput state iteration 22:
[  2.30000000e-03   0.00000000e+00   1.00000000e-04   0.00000000e+00
   0.00000000e+00   5.83333333e-01   6.66666667e-01   0.00000000e+00
   6.25000000e-01   5.83333333e-01   6.66666667e-01   0.00000000e+00
   8.75000000e-01   5.83333333e-01   6.66666667e-01   0.00000000e+00
   1.25000000e-01   5.83333333e-01   6.66666667e-01   6.94444444e-03
   6.25000000e-01   5.83333333e-01   5.83333333e-01   6.94444444e-03
   6.25000000e-01   6.66666667e-01   6.66666667e-01   6.94444444e-03
   6.25000000e-01   5.00000000e-01   6.66666667e-01   6.94444444e-03
   8.75000000e-01   5.00000000e-01   6.66666667e-01   1.38888889e-02
   6.25000000e-01   6.66666667e-01   5.83333333e-01   1.38888889e-02
   6.25000000e-01   5.00000000e-01   5.83333333e-01   2.77777778e-02
   6.25000000e-01   5.83333333e-01   5.00000000e-01]
Predicted output state:
[  2.62107421e-03   8.08697731e-09   1.00015357e-04   9.85386617e-09
   6.15026474e-09   5.47200322e-01   7.18840897e-01   7.69840369e-09
   1.30929008e-01   5.47200441e-01   7.18840957e-01   1.62705686e-02
   6.41864777e-01   4.57540393e-01   6.80184364e-01   2.16672421e-02
   6.31049693e-01   4.31544900e-01   6.42512202e-01   2.44274475e-02
   6.39926076e-01   4.82935339e-01   6.49619222e-01   3.74635011e-02
   6.26912117e-01   4.92499799e-01   6.06948376e-01   4.19911258e-02
   6.28579021e-01   4.16196376e-01   6.10644221e-01   4.96283323e-02
   6.25060618e-01   4.52108443e-01   5.91646850e-01   5.26945330e-02
   6.24373496e-01   4.81740057e-01   5.69957078e-01   6.05190881e-02
   6.24545991e-01   4.07093346e-01   5.39853990e-01   6.87039942e-02
   6.24883354e-01   4.83761877e-01   5.35021007e-01]
Squared sum of errors between actual and predicted output: 0.26651533927798593

Actual ouput state iteration 23:
[  2.40000000e-03   0.00000000e+00   1.00000000e-04   0.00000000e+00
   0.00000000e+00   6.66666667e-01   6.66666667e-01   0.00000000e+00
   1.25000000e-01   6.66666667e-01   6.66666667e-01   0.00000000e+00
   8.75000000e-01   6.66666667e-01   6.66666667e-01   0.00000000e+00
   6.25000000e-01   6.66666667e-01   6.66666667e-01   6.94444444e-03
   8.75000000e-01   5.83333333e-01   6.66666667e-01   6.94444444e-03
   6.25000000e-01   5.83333333e-01   6.66666667e-01   6.94444444e-03
   6.25000000e-01   6.66666667e-01   5.83333333e-01   1.38888889e-02
   6.25000000e-01   5.83333333e-01   5.83333333e-01   2.77777778e-02
   6.25000000e-01   6.66666667e-01   5.00000000e-01   2.77777778e-02
   6.25000000e-01   5.00000000e-01   6.66666667e-01   2.77777778e-02
   8.75000000e-01   5.00000000e-01   6.66666667e-01]
Predicted output state:
[  2.68734759e-03   1.38741107e-09   9.99985714e-05   1.46394541e-09
   7.91755883e-10   7.02932239e-01   6.15929961e-01   1.16969745e-09
   8.45856547e-01   7.02932358e-01   6.15930021e-01   4.32702562e-18
   7.77747571e-01   6.22206867e-01   5.83796203e-01   1.27828321e-22
   1.80846289e-01   5.76258302e-01   5.86642325e-01   2.34725146e-22
   8.20858717e-01   5.88178277e-01   5.52635014e-01   2.73299764e-20
   6.48230374e-01   6.22126281e-01   5.15881181e-01   6.67506062e-19
   6.48283184e-01   5.07446051e-01   5.05500972e-01   4.41086824e-19
   6.42682612e-01   4.42088634e-01   5.42596519e-01   1.53643831e-21
   6.40504599e-01   4.87175226e-01   5.59276342e-01   2.06412623e-18
   6.38158858e-01   5.90317965e-01   4.93531734e-01   1.93682727e-18
   6.34642661e-01   5.23958564e-01   4.59588796e-01]
Squared sum of errors between actual and predicted output: 0.32985299799108087

Actual ouput state iteration 24:
[  2.40000000e-03   0.00000000e+00   1.00000000e-04   0.00000000e+00
   0.00000000e+00   6.66666667e-01   7.50000000e-01   0.00000000e+00
   1.25000000e-01   6.66666667e-01   7.50000000e-01   6.94444444e-03
   8.75000000e-01   6.66666667e-01   6.66666667e-01   6.94444444e-03
   6.25000000e-01   6.66666667e-01   6.66666667e-01   1.38888889e-02
   6.25000000e-01   5.83333333e-01   6.66666667e-01   1.38888889e-02
   8.75000000e-01   5.83333333e-01   6.66666667e-01   2.77777778e-02
   6.25000000e-01   6.66666667e-01   5.83333333e-01   3.47222222e-02
   6.25000000e-01   5.83333333e-01   5.83333333e-01   3.47222222e-02
   6.25000000e-01   5.00000000e-01   6.66666667e-01   5.55555556e-02
   6.25000000e-01   5.00000000e-01   5.83333333e-01   6.25000000e-02
   6.25000000e-01   6.66666667e-01   5.00000000e-01]
Predicted output state:
[  2.65539461e-03   7.59149277e-09   1.00019162e-04   8.96342733e-09
   5.78521453e-09   7.27803767e-01   7.25642204e-01   6.96764735e-09
   1.26947626e-01   7.27803826e-01   7.25642264e-01   2.25836951e-02
   6.39023125e-01   6.04214311e-01   6.64507449e-01   3.06388382e-02
   6.28235817e-01   5.64242125e-01   6.29938006e-01   3.35524939e-02
   6.37168109e-01   6.09474361e-01   6.41459286e-01   5.04375845e-02
   6.25776529e-01   5.91251671e-01   5.86175382e-01   5.66659942e-02
   6.27771974e-01   5.06890297e-01   5.74900568e-01   6.40547946e-02
   6.25550628e-01   5.48521698e-01   6.18600607e-01   7.03453720e-02
   6.23881578e-01   5.64700842e-01   5.55923104e-01   7.92523101e-02
   6.24324143e-01   4.92096305e-01   5.49079359e-01   8.92775133e-02
   6.25709891e-01   5.13834298e-01   4.86795604e-01]
Squared sum of errors between actual and predicted output: 0.3177510462216047

Actual ouput state iteration 25:
[  2.40000000e-03   0.00000000e+00   1.00000000e-04   0.00000000e+00
   0.00000000e+00   6.66666667e-01   7.50000000e-01   0.00000000e+00
   1.25000000e-01   6.66666667e-01   7.50000000e-01   6.94444444e-03
   8.75000000e-01   6.66666667e-01   6.66666667e-01   6.94444444e-03
   6.25000000e-01   6.66666667e-01   6.66666667e-01   1.38888889e-02
   6.25000000e-01   5.83333333e-01   6.66666667e-01   2.77777778e-02
   6.25000000e-01   6.66666667e-01   5.83333333e-01   3.47222222e-02
   6.25000000e-01   5.83333333e-01   5.83333333e-01   3.47222222e-02
   6.25000000e-01   5.00000000e-01   6.66666667e-01   5.55555556e-02
   6.25000000e-01   5.00000000e-01   5.83333333e-01   6.25000000e-02
   6.25000000e-01   6.66666667e-01   5.00000000e-01   6.94444444e-02
   6.25000000e-01   4.16666667e-01   6.66666667e-01]
Predicted output state:
[  2.65494618e-03   7.41364214e-09   1.00022982e-04   8.79727047e-09
   5.60130031e-09   7.04611182e-01   7.31616259e-01   6.85924517e-09
   1.27036482e-01   7.04611361e-01   7.31616259e-01   2.22003125e-02
   6.38967395e-01   5.86572051e-01   6.70367181e-01   2.99726184e-02
   6.28284097e-01   5.46664059e-01   6.36232078e-01   3.29267010e-02
   6.37240767e-01   5.93346655e-01   6.45977259e-01   4.94912192e-02
   6.25854552e-01   5.82797587e-01   5.91285467e-01   5.54379448e-02
   6.27671659e-01   4.97480452e-01   5.83318412e-01   6.32137209e-02
   6.25537217e-01   5.32597482e-01   6.17274702e-01   6.90016672e-02
   6.23992026e-01   5.49835622e-01   5.61327457e-01   7.77439922e-02
   6.24330044e-01   4.85020339e-01   5.47856927e-01   8.74964520e-02
   6.25596106e-01   5.23086488e-01   4.93908674e-01]
Squared sum of errors between actual and predicted output: 0.2238085741212303

Actual ouput state iteration 26:
[  2.40000000e-03   0.00000000e+00   1.00000000e-04   0.00000000e+00
   0.00000000e+00   6.66666667e-01   8.33333333e-01   0.00000000e+00
   1.25000000e-01   6.66666667e-01   8.33333333e-01   2.77777778e-02
   6.25000000e-01   6.66666667e-01   6.66666667e-01   3.47222222e-02
   6.25000000e-01   5.83333333e-01   6.66666667e-01   5.55555556e-02
   6.25000000e-01   5.00000000e-01   6.66666667e-01   6.25000000e-02
   6.25000000e-01   6.66666667e-01   5.83333333e-01   6.94444444e-02
   6.25000000e-01   5.83333333e-01   5.83333333e-01   9.02777778e-02
   6.25000000e-01   5.00000000e-01   5.83333333e-01   9.02777778e-02
   6.25000000e-01   4.16666667e-01   6.66666667e-01   1.11111111e-01
   6.25000000e-01   6.66666667e-01   5.00000000e-01   1.18055556e-01
   6.25000000e-01   5.83333333e-01   5.00000000e-01]
Predicted output state:
[  2.65207165e-03   6.87513335e-09   1.00022982e-04   8.16778734e-09
   5.19144416e-09   7.07661688e-01   7.20633805e-01   6.42830766e-09
   1.26974910e-01   7.07661748e-01   7.20633864e-01   2.12371405e-02
   6.39463842e-01   5.88928640e-01   6.64560914e-01   2.86371671e-02
   6.28288865e-01   5.47913492e-01   6.31298661e-01   3.14685702e-02
   6.37276590e-01   5.94726741e-01   6.40805244e-01   4.75599803e-02
   6.26069784e-01   5.84439635e-01   5.86577892e-01   5.33740856e-02
   6.27704799e-01   4.99087691e-01   5.79610109e-01   6.09270521e-02
   6.25684559e-01   5.32186866e-01   6.14003778e-01   6.63870499e-02
   6.24133229e-01   5.50212622e-01   5.58509350e-01   7.49737918e-02
   6.24425352e-01   4.87161100e-01   5.43320715e-01   8.45848992e-02
   6.25692666e-01   5.27485371e-01   4.91679907e-01]
Squared sum of errors between actual and predicted output: 0.1836806389678765

Actual ouput state iteration 27:
[  2.40000000e-03   0.00000000e+00   1.00000000e-04   0.00000000e+00
   0.00000000e+00   5.83333333e-01   8.33333333e-01   0.00000000e+00
   1.25000000e-01   5.83333333e-01   8.33333333e-01   2.77777778e-02
   6.25000000e-01   5.83333333e-01   6.66666667e-01   3.47222222e-02
   6.25000000e-01   6.66666667e-01   6.66666667e-01   3.47222222e-02
   6.25000000e-01   5.00000000e-01   6.66666667e-01   5.55555556e-02
   6.25000000e-01   4.16666667e-01   6.66666667e-01   6.25000000e-02
   6.25000000e-01   5.83333333e-01   5.83333333e-01   6.94444444e-02
   6.25000000e-01   6.66666667e-01   5.83333333e-01   6.94444444e-02
   6.25000000e-01   5.00000000e-01   5.83333333e-01   9.02777778e-02
   6.25000000e-01   4.16666667e-01   5.83333333e-01   9.02777778e-02
   6.25000000e-01   3.33333333e-01   6.66666667e-01]
Predicted output state:
[  2.69889203e-03   4.32083525e-09   1.00038909e-04   5.07368059e-09
   2.75887535e-09   6.66030526e-01   8.22783828e-01   4.15742329e-09
   1.18595727e-01   6.66030645e-01   8.22783947e-01   3.65652777e-02
   6.31931901e-01   6.12223864e-01   7.15925038e-01   4.60964479e-02
   6.21093392e-01   5.62197268e-01   7.00241864e-01   5.05817719e-02
   6.29223228e-01   6.01780415e-01   6.76943243e-01   7.11261034e-02
   6.26337826e-01   6.53228223e-01   6.13508642e-01   7.58992061e-02
   6.23723388e-01   5.28631091e-01   6.46054447e-01   9.05171484e-02
   6.27099514e-01   5.19054711e-01   6.25263870e-01   9.57223698e-02
   6.25925839e-01   4.83213425e-01   6.26714349e-01   1.03258535e-01
   6.25310600e-01   5.76144218e-01   4.98398453e-01   1.13089621e-01
   6.26284719e-01   6.64416015e-01   5.60321271e-01]
Squared sum of errors between actual and predicted output: 0.0528220590891372

Actual ouput state iteration 28:
[  2.40000000e-03   0.00000000e+00   1.00000000e-04   0.00000000e+00
   0.00000000e+00   5.83333333e-01   9.16666667e-01   0.00000000e+00
   1.25000000e-01   5.83333333e-01   9.16666667e-01   6.25000000e-02
   6.25000000e-01   5.83333333e-01   6.66666667e-01   6.94444444e-02
   6.25000000e-01   6.66666667e-01   6.66666667e-01   6.94444444e-02
   6.25000000e-01   5.00000000e-01   6.66666667e-01   9.02777778e-02
   6.25000000e-01   4.16666667e-01   6.66666667e-01   1.11111111e-01
   6.25000000e-01   5.83333333e-01   5.83333333e-01   1.18055556e-01
   6.25000000e-01   6.66666667e-01   5.83333333e-01   1.18055556e-01
   6.25000000e-01   5.00000000e-01   5.83333333e-01   1.25000000e-01
   6.25000000e-01   3.33333333e-01   6.66666667e-01   1.38888889e-01
   6.25000000e-01   4.16666667e-01   5.83333333e-01]
Predicted output state:
[  2.66313436e-03   2.96932541e-08   9.99800759e-05   3.23163007e-08
   2.37876332e-08   6.51460588e-01   8.21273863e-01   2.20856897e-08
   1.29542038e-01   6.51460767e-01   8.21274042e-01   4.67717201e-02
   6.28906429e-01   5.17777205e-01   7.01146960e-01   6.29658848e-02
   6.28380179e-01   5.46614945e-01   6.52305603e-01   7.21297935e-02
   6.33850217e-01   5.33666909e-01   6.51886582e-01   9.45394561e-02
   6.24187410e-01   4.85609323e-01   6.21692598e-01   1.02819927e-01
   6.26315594e-01   4.88950551e-01   6.33549392e-01   1.17259108e-01
   6.22571647e-01   5.65444410e-01   5.77828586e-01   1.28921077e-01
   6.22919142e-01   5.61399519e-01   5.67031324e-01   1.40336260e-01
   6.24160707e-01   3.72633785e-01   5.60075521e-01   1.51731536e-01
   6.24074817e-01   3.42806995e-01   5.95013618e-01]
Squared sum of errors between actual and predicted output: 0.0892010040734507

Actual ouput state iteration 29:
[  2.40000000e-03   0.00000000e+00   1.00000000e-04   0.00000000e+00
   0.00000000e+00   5.00000000e-01   9.16666667e-01   0.00000000e+00
   1.25000000e-01   5.00000000e-01   9.16666667e-01   6.25000000e-02
   6.25000000e-01   5.00000000e-01   6.66666667e-01   6.94444444e-02
   6.25000000e-01   4.16666667e-01   6.66666667e-01   6.94444444e-02
   6.25000000e-01   5.83333333e-01   6.66666667e-01   9.02777778e-02
   6.25000000e-01   6.66666667e-01   6.66666667e-01   9.02777778e-02
   6.25000000e-01   3.33333333e-01   6.66666667e-01   1.11111111e-01
   6.25000000e-01   5.00000000e-01   5.83333333e-01   1.18055556e-01
   6.25000000e-01   5.83333333e-01   5.83333333e-01   1.18055556e-01
   6.25000000e-01   4.16666667e-01   5.83333333e-01   1.25000000e-01
   6.25000000e-01   2.50000000e-01   6.66666667e-01]
Predicted output state:
[  2.69627874e-03   2.74588885e-08   1.00010009e-04   2.99253955e-08
   2.11919726e-08   6.23680532e-01   8.40287805e-01   2.06307398e-08
   1.26785651e-01   6.23680651e-01   8.40287805e-01   5.94933145e-02
   6.25334561e-01   5.27002931e-01   7.01695621e-01   7.99637213e-02
   6.26089931e-01   5.51662147e-01   6.59432173e-01   9.06899422e-02
   6.31519616e-01   5.37701964e-01   6.55720413e-01   1.15971677e-01
   6.23430729e-01   5.05339622e-01   6.19896293e-01   1.24305658e-01
   6.24919236e-01   5.10257781e-01   6.30225062e-01   1.41822919e-01
   6.22638345e-01   5.52879155e-01   5.88735163e-01   1.56133831e-01
   6.22952819e-01   5.49084902e-01   5.73422492e-01   1.66802466e-01
   6.23874664e-01   3.90073627e-01   5.57683349e-01   1.77905038e-01
   6.24116898e-01   3.96240085e-01   5.83644032e-01]
Squared sum of errors between actual and predicted output: 0.08948202260118722

Actual ouput state iteration 30:
[  2.40000000e-03   0.00000000e+00   1.00000000e-04   0.00000000e+00
   0.00000000e+00   4.16666667e-01   9.16666667e-01   0.00000000e+00
   1.25000000e-01   4.16666667e-01   9.16666667e-01   6.25000000e-02
   6.25000000e-01   4.16666667e-01   6.66666667e-01   6.94444444e-02
   6.25000000e-01   3.33333333e-01   6.66666667e-01   6.94444444e-02
   6.25000000e-01   5.00000000e-01   6.66666667e-01   9.02777778e-02
   6.25000000e-01   5.83333333e-01   6.66666667e-01   9.02777778e-02
   6.25000000e-01   2.50000000e-01   6.66666667e-01   1.11111111e-01
   6.25000000e-01   4.16666667e-01   5.83333333e-01   1.18055556e-01
   6.25000000e-01   3.33333333e-01   5.83333333e-01   1.18055556e-01
   6.25000000e-01   5.00000000e-01   5.83333333e-01   1.25000000e-01
   6.25000000e-01   6.66666667e-01   6.66666667e-01]
Predicted output state:
[  2.67134374e-03   3.14542206e-08   9.99949407e-05   3.48043656e-08
   2.49399736e-08   5.51933587e-01   8.26455057e-01   2.37547155e-08
   1.29911900e-01   5.51933646e-01   8.26455116e-01   4.76990044e-02
   6.28170967e-01   4.62900311e-01   7.00470924e-01   6.45197034e-02
   6.28427029e-01   4.93282825e-01   6.53142869e-01   7.40313083e-02
   6.33985162e-01   4.88361835e-01   6.54570818e-01   9.68308672e-02
   6.23934627e-01   4.54908818e-01   6.23466134e-01   1.04674816e-01
   6.26084924e-01   4.59077030e-01   6.31793261e-01   1.20354563e-01
   6.22267962e-01   5.23282170e-01   5.78878880e-01   1.32005915e-01
   6.22843385e-01   5.26234150e-01   5.69850564e-01   1.43263459e-01
   6.23882592e-01   3.51334184e-01   5.59740543e-01   1.54257834e-01
   6.23768032e-01   3.50198716e-01   5.89985490e-01]
Squared sum of errors between actual and predicted output: 0.1303224634631574

Actual ouput state iteration 31:
[  2.40000000e-03   0.00000000e+00   1.00000000e-04   0.00000000e+00
   0.00000000e+00   4.16666667e-01   8.33333333e-01   0.00000000e+00
   1.25000000e-01   4.16666667e-01   8.33333333e-01   2.77777778e-02
   6.25000000e-01   4.16666667e-01   6.66666667e-01   3.47222222e-02
   6.25000000e-01   5.00000000e-01   6.66666667e-01   3.47222222e-02
   6.25000000e-01   3.33333333e-01   6.66666667e-01   5.55555556e-02
   6.25000000e-01   5.83333333e-01   6.66666667e-01   5.55555556e-02
   6.25000000e-01   2.50000000e-01   6.66666667e-01   6.25000000e-02
   6.25000000e-01   4.16666667e-01   5.83333333e-01   6.94444444e-02
   6.25000000e-01   3.33333333e-01   5.83333333e-01   6.94444444e-02
   6.25000000e-01   5.00000000e-01   5.83333333e-01   9.02777778e-02
   6.25000000e-01   6.66666667e-01   6.66666667e-01]
Predicted output state:
[  2.68442649e-03   6.79449075e-09   1.00034238e-04   8.18107093e-09
   4.35130332e-09   3.97180736e-01   8.37799668e-01   6.49368248e-09
   1.22278199e-01   3.97180736e-01   8.37799728e-01   3.42430398e-02
   6.31806076e-01   4.33155626e-01   7.26868868e-01   4.29278426e-02
   6.23002470e-01   4.06880617e-01   7.07442939e-01   4.84391451e-02
   6.30794227e-01   4.53600734e-01   6.84309602e-01   6.74202070e-02
   6.26509130e-01   5.33041179e-01   6.31920993e-01   7.11559430e-02
   6.23948693e-01   4.19222116e-01   6.68505728e-01   8.76685157e-02
   6.25812650e-01   4.18372929e-01   6.03189468e-01   9.09775868e-02
   6.25857472e-01   3.91291171e-01   6.38515532e-01   9.87613425e-02
   6.25120759e-01   4.73093182e-01   4.92740422e-01   1.07595056e-01
   6.25143051e-01   5.99608898e-01   6.00874722e-01]
Squared sum of errors between actual and predicted output: 0.08845055364024235

Actual ouput state iteration 32:
[  2.40000000e-03   0.00000000e+00   1.00000000e-04   0.00000000e+00
   0.00000000e+00   3.33333333e-01   8.33333333e-01   0.00000000e+00
   1.25000000e-01   3.33333333e-01   8.33333333e-01   2.77777778e-02
   6.25000000e-01   3.33333333e-01   6.66666667e-01   3.47222222e-02
   6.25000000e-01   2.50000000e-01   6.66666667e-01   3.47222222e-02
   6.25000000e-01   4.16666667e-01   6.66666667e-01   5.55555556e-02
   6.25000000e-01   5.00000000e-01   6.66666667e-01   6.25000000e-02
   6.25000000e-01   3.33333333e-01   5.83333333e-01   6.94444444e-02
   6.25000000e-01   2.50000000e-01   5.83333333e-01   6.94444444e-02
   6.25000000e-01   4.16666667e-01   5.83333333e-01   9.02777778e-02
   6.25000000e-01   5.00000000e-01   5.83333333e-01   9.02777778e-02
   6.25000000e-01   5.83333333e-01   6.66666667e-01]
Predicted output state:
[  2.64556799e-03   6.04370998e-09   1.00006866e-04   7.30863725e-09
   3.88275012e-09   4.06285763e-01   8.27530026e-01   5.86911586e-09
   1.24114804e-01   4.06285822e-01   8.27529907e-01   2.57173143e-02
   6.35429144e-01   4.12516624e-01   7.39616275e-01   3.15719768e-02
   6.24848366e-01   3.89752090e-01   7.17518032e-01   3.61487046e-02
   6.32510960e-01   4.33418065e-01   6.88595831e-01   5.15266061e-02
   6.27880871e-01   5.15300333e-01   6.43643796e-01   5.47723733e-02
   6.24954998e-01   3.94767791e-01   6.94455624e-01   6.88141882e-02
   6.26174986e-01   4.12542582e-01   5.87033629e-01   7.00043514e-02
   6.26455843e-01   3.81190330e-01   6.48112595e-01   7.73399547e-02
   6.25792563e-01   4.58059728e-01   4.84034359e-01   8.54832232e-02
   6.25162303e-01   5.73796451e-01   6.39380336e-01]
Squared sum of errors between actual and predicted output: 0.08559163980584103

Actual ouput state iteration 33:
[  2.40000000e-03   0.00000000e+00   1.00000000e-04   0.00000000e+00
   0.00000000e+00   3.33333333e-01   7.50000000e-01   0.00000000e+00
   1.25000000e-01   3.33333333e-01   7.50000000e-01   6.94444444e-03
   6.25000000e-01   3.33333333e-01   6.66666667e-01   1.38888889e-02
   6.25000000e-01   2.50000000e-01   6.66666667e-01   1.38888889e-02
   6.25000000e-01   4.16666667e-01   6.66666667e-01   2.77777778e-02
   6.25000000e-01   3.33333333e-01   5.83333333e-01   3.47222222e-02
   6.25000000e-01   2.50000000e-01   5.83333333e-01   3.47222222e-02
   6.25000000e-01   4.16666667e-01   5.83333333e-01   3.47222222e-02
   6.25000000e-01   5.00000000e-01   6.66666667e-01   5.55555556e-02
   6.25000000e-01   5.00000000e-01   5.83333333e-01   6.25000000e-02
   6.25000000e-01   3.33333333e-01   5.00000000e-01]
Predicted output state:
[  2.65961839e-03   8.58861604e-09   1.00028898e-04   1.05134026e-08
   5.72676484e-09   3.11589569e-01   8.22874963e-01   8.20166246e-09
   1.26205847e-01   3.11589688e-01   8.22875082e-01   2.75414903e-02
   6.34104788e-01   3.54908168e-01   7.25457549e-01   3.49833965e-02
   6.26189768e-01   3.40924144e-01   7.00032473e-01   4.00364436e-02
   6.33855283e-01   3.88528556e-01   6.82928741e-01   5.67680523e-02
   6.26765609e-01   4.63656247e-01   6.38428748e-01   6.03580698e-02
   6.25257969e-01   3.68076652e-01   6.70725226e-01   7.50998408e-02
   6.25066459e-01   3.76524121e-01   5.89937091e-01   7.75771588e-02
   6.25519037e-01   3.67826343e-01   6.30695164e-01   8.54655504e-02
   6.24913454e-01   4.07297581e-01   5.02801359e-01   9.38201621e-02
   6.24512017e-01   5.44944525e-01   6.08646035e-01]
Squared sum of errors between actual and predicted output: 0.06742146801217946

Actual ouput state iteration 34:
[  2.40000000e-03   0.00000000e+00   1.00000000e-04   0.00000000e+00
   0.00000000e+00   2.50000000e-01   7.50000000e-01   0.00000000e+00
   1.25000000e-01   2.50000000e-01   7.50000000e-01   6.94444444e-03
   6.25000000e-01   2.50000000e-01   6.66666667e-01   1.38888889e-02
   6.25000000e-01   3.33333333e-01   6.66666667e-01   2.77777778e-02
   6.25000000e-01   2.50000000e-01   5.83333333e-01   3.47222222e-02
   6.25000000e-01   3.33333333e-01   5.83333333e-01   3.47222222e-02
   6.25000000e-01   4.16666667e-01   6.66666667e-01   5.55555556e-02
   6.25000000e-01   4.16666667e-01   5.83333333e-01   6.25000000e-02
   6.25000000e-01   2.50000000e-01   5.00000000e-01   6.94444444e-02
   6.25000000e-01   3.33333333e-01   5.00000000e-01   6.94444444e-02
   6.25000000e-01   5.00000000e-01   6.66666667e-01]
Predicted output state:
[  2.60974537e-03   1.90492990e-08   9.99941767e-05   2.34981705e-08
   1.54762514e-08   3.43168229e-01   7.27252245e-01   1.69803904e-08
   1.36627540e-01   3.43168229e-01   7.27252305e-01   1.67314559e-02
   6.41671419e-01   3.22199702e-01   6.74860299e-01   2.30953842e-02
   6.34291828e-01   3.21456999e-01   6.25422299e-01   2.64401697e-02
   6.42611563e-01   3.80170405e-01   6.49000883e-01   4.00678962e-02
   6.26080394e-01   3.75700802e-01   6.13178432e-01   4.49936651e-02
   6.29891396e-01   3.22856635e-01   5.96737564e-01   5.26394099e-02
   6.23101711e-01   4.03070152e-01   5.84219158e-01   5.68580963e-02
   6.23124301e-01   4.42399412e-01   5.57584167e-01   6.56858534e-02
   6.23796940e-01   3.13965023e-01   5.58901370e-01   7.43008405e-02
   6.23740852e-01   3.46512973e-01   5.34067690e-01]
Squared sum of errors between actual and predicted output: 0.07247939503187761

Actual ouput state iteration 35:
[  2.40000000e-03   0.00000000e+00   1.00000000e-04   0.00000000e+00
   0.00000000e+00   1.66666667e-01   7.50000000e-01   0.00000000e+00
   1.25000000e-01   1.66666667e-01   7.50000000e-01   1.38888889e-02
   6.25000000e-01   2.50000000e-01   6.66666667e-01   3.47222222e-02
   6.25000000e-01   2.50000000e-01   5.83333333e-01   3.47222222e-02
   6.25000000e-01   3.33333333e-01   6.66666667e-01   5.55555556e-02
   6.25000000e-01   3.33333333e-01   5.83333333e-01   6.94444444e-02
   6.25000000e-01   4.16666667e-01   6.66666667e-01   6.94444444e-02
   6.25000000e-01   2.50000000e-01   5.00000000e-01   9.02777778e-02
   6.25000000e-01   4.16666667e-01   5.83333333e-01   9.02777778e-02
   6.25000000e-01   3.33333333e-01   5.00000000e-01   1.18055556e-01
   6.25000000e-01   2.50000000e-01   4.16666667e-01]
Predicted output state:
[  2.59120995e-03   9.33230115e-09   9.99968543e-05   1.16520678e-08
   6.71872824e-09   2.27743343e-01   7.44187832e-01   9.18551457e-09
   1.33322030e-01   2.27743298e-01   7.44187832e-01   1.46603072e-02
   6.41234696e-01   2.55969226e-01   6.97582483e-01   1.86998844e-02
   6.31739974e-01   2.58554369e-01   6.62703872e-01   2.21124068e-02
   6.39185309e-01   3.01605791e-01   6.52241409e-01   3.31227630e-02
   6.28666639e-01   3.57734025e-01   6.26547337e-01   3.61303501e-02
   6.27854109e-01   2.94521242e-01   6.64206743e-01   4.59293686e-02
   6.24536276e-01   3.27680886e-01   5.40933371e-01   4.64002490e-02
   6.25785828e-01   3.41316253e-01   6.03866756e-01   5.33833466e-02
   6.25369251e-01   3.13594729e-01   4.91062284e-01   6.02731742e-02
   6.23999119e-01   4.39226747e-01   6.26419127e-01]
Squared sum of errors between actual and predicted output: 0.06849943763604452

Actual ouput state iteration 36:
[  2.40000000e-03   0.00000000e+00   1.00000000e-04   0.00000000e+00
   0.00000000e+00   1.66666667e-01   6.66666667e-01   0.00000000e+00
   1.25000000e-01   1.66666667e-01   6.66666667e-01   6.94444444e-03
   6.25000000e-01   2.50000000e-01   6.66666667e-01   1.38888889e-02
   6.25000000e-01   2.50000000e-01   5.83333333e-01   2.77777778e-02
   6.25000000e-01   3.33333333e-01   6.66666667e-01   3.47222222e-02
   6.25000000e-01   2.50000000e-01   5.00000000e-01   3.47222222e-02
   6.25000000e-01   3.33333333e-01   5.83333333e-01   5.55555556e-02
   6.25000000e-01   3.33333333e-01   5.00000000e-01   6.25000000e-02
   6.25000000e-01   4.16666667e-01   6.66666667e-01   6.94444444e-02
   6.25000000e-01   2.50000000e-01   4.16666667e-01   6.94444444e-02
   6.25000000e-01   4.16666667e-01   5.83333333e-01]
Predicted output state:
[  2.63929716e-03   2.74565846e-08   1.00002762e-04   3.47735778e-08
   2.16505427e-08   1.75865397e-01   7.38220572e-01   2.45710243e-08
   1.35169029e-01   1.75865471e-01   7.38220513e-01   2.23783329e-02
   6.38768673e-01   2.56844074e-01   6.46198809e-01   3.17746960e-02
   6.32327974e-01   2.56128848e-01   6.05027378e-01   3.58270183e-02
   6.40334368e-01   3.30042958e-01   6.35106266e-01   5.32383099e-02
   6.25319123e-01   3.38622093e-01   5.94154060e-01   5.89477010e-02
   6.29175365e-01   2.72514939e-01   5.51018953e-01   6.76126704e-02
   6.22796237e-01   3.61772537e-01   5.96611321e-01   7.49978423e-02
   6.22787237e-01   3.94954950e-01   5.52576125e-01   8.48344937e-02
   6.23368323e-01   3.08351666e-01   5.46690166e-01   9.49467942e-02
   6.23809934e-01   3.16450715e-01   5.05636215e-01]
Squared sum of errors between actual and predicted output: 0.07671761706009617

Actual ouput state iteration 37:
[  2.40000000e-03   0.00000000e+00   1.00000000e-04   0.00000000e+00
   0.00000000e+00   1.66666667e-01   5.83333333e-01   0.00000000e+00
   1.25000000e-01   1.66666667e-01   5.83333333e-01   6.94444444e-03
   6.25000000e-01   2.50000000e-01   5.83333333e-01   1.38888889e-02
   6.25000000e-01   2.50000000e-01   6.66666667e-01   1.38888889e-02
   6.25000000e-01   2.50000000e-01   5.00000000e-01   2.77777778e-02
   6.25000000e-01   3.33333333e-01   5.83333333e-01   3.47222222e-02
   6.25000000e-01   3.33333333e-01   6.66666667e-01   3.47222222e-02
   6.25000000e-01   3.33333333e-01   5.00000000e-01   3.47222222e-02
   6.25000000e-01   2.50000000e-01   4.16666667e-01   5.55555556e-02
   6.25000000e-01   3.33333333e-01   4.16666667e-01   6.25000000e-02
   6.25000000e-01   4.16666667e-01   5.83333333e-01]
Predicted output state:
[  2.60311831e-03   9.63756097e-09   1.00006771e-04   1.19679049e-08
   7.21034255e-09   1.91323251e-01   6.73479676e-01   9.59008783e-09
   1.33529276e-01   1.91323221e-01   6.73479736e-01   1.52919376e-02
   6.40208840e-01   2.44327918e-01   6.28600657e-01   2.01631915e-02
   6.31392896e-01   2.50115573e-01   5.95900595e-01   2.38220729e-02
   6.38373077e-01   2.96300858e-01   5.98897934e-01   3.56340669e-02
   6.28425956e-01   3.35797131e-01   5.74646533e-01   3.91354337e-02
   6.27594411e-01   2.94845730e-01   5.98028958e-01   4.88310494e-02
   6.24188364e-01   3.25811803e-01   5.21222770e-01   5.02565093e-02
   6.25604868e-01   3.48111570e-01   5.59645653e-01   5.77561334e-02
   6.25103176e-01   2.99553603e-01   4.71025705e-01   6.51584417e-02
   6.24188542e-01   4.15863633e-01   5.67416072e-01]
Squared sum of errors between actual and predicted output: 0.046906212804961246

Actual ouput state iteration 38:
[  2.40000000e-03   0.00000000e+00   1.00000000e-04   0.00000000e+00
   0.00000000e+00   1.66666667e-01   5.00000000e-01   0.00000000e+00
   1.25000000e-01   1.66666667e-01   5.00000000e-01   6.94444444e-03
   6.25000000e-01   2.50000000e-01   5.00000000e-01   1.38888889e-02
   6.25000000e-01   2.50000000e-01   4.16666667e-01   1.38888889e-02
   6.25000000e-01   2.50000000e-01   5.83333333e-01   2.77777778e-02
   6.25000000e-01   3.33333333e-01   5.00000000e-01   3.47222222e-02
   6.25000000e-01   2.50000000e-01   6.66666667e-01   3.47222222e-02
   6.25000000e-01   3.33333333e-01   4.16666667e-01   3.47222222e-02
   6.25000000e-01   3.33333333e-01   5.83333333e-01   3.47222222e-02
   6.25000000e-01   2.50000000e-01   3.33333333e-01   5.55555556e-02
   6.25000000e-01   3.33333333e-01   6.66666667e-01]
Predicted output state:
[  2.59118876e-03   7.38965644e-09   9.99863696e-05   8.98970853e-09
   5.42977441e-09   1.71045735e-01   6.23614907e-01   7.54574536e-09
   1.31991565e-01   1.71045735e-01   6.23614967e-01   1.51341325e-02
   6.39479458e-01   2.34533906e-01   5.86867154e-01   1.95266549e-02
   6.29770577e-01   2.46673733e-01   5.61054766e-01   2.35098582e-02
   6.35484695e-01   2.84960628e-01   5.54318249e-01   3.46403271e-02
   6.29873633e-01   3.26880634e-01   5.38891673e-01   3.78436372e-02
   6.26582980e-01   2.93719977e-01   5.85846782e-01   4.81203087e-02
   6.24769449e-01   3.28598768e-01   4.78234559e-01   4.87031639e-02
   6.26901627e-01   3.31010640e-01   5.48463523e-01   5.59116006e-02
   6.26086891e-01   3.03137600e-01   4.17253077e-01   6.31707981e-02
   6.24712646e-01   4.10536259e-01   5.82210839e-01]
Squared sum of errors between actual and predicted output: 0.05541719524159212

Actual ouput state iteration 39:
[  2.40000000e-03   0.00000000e+00   1.00000000e-04   0.00000000e+00
   0.00000000e+00   1.66666667e-01   4.16666667e-01   0.00000000e+00
   1.25000000e-01   1.66666667e-01   4.16666667e-01   6.94444444e-03
   6.25000000e-01   2.50000000e-01   4.16666667e-01   1.38888889e-02
   6.25000000e-01   2.50000000e-01   5.00000000e-01   1.38888889e-02
   6.25000000e-01   2.50000000e-01   3.33333333e-01   2.77777778e-02
   6.25000000e-01   3.33333333e-01   4.16666667e-01   3.47222222e-02
   6.25000000e-01   3.33333333e-01   5.00000000e-01   3.47222222e-02
   6.25000000e-01   3.33333333e-01   3.33333333e-01   3.47222222e-02
   6.25000000e-01   2.50000000e-01   5.83333333e-01   3.47222222e-02
   6.25000000e-01   2.50000000e-01   2.50000000e-01   5.55555556e-02
   6.25000000e-01   3.33333333e-01   5.83333333e-01]
Predicted output state:
[  2.54800590e-03   4.36611813e-09   9.99248805e-05   5.09547204e-09
   3.11115422e-09   1.69726536e-01   5.28693199e-01   4.64006433e-09
   1.29948258e-01   1.69726551e-01   5.28693199e-01   1.28280409e-02
   6.40597165e-01   2.31997281e-01   5.25657415e-01   1.56557541e-02
   6.27553523e-01   2.55687296e-01   5.10600686e-01   1.95695665e-02
   6.31142676e-01   2.78522551e-01   4.80493486e-01   2.84342133e-02
   6.33193851e-01   3.20237160e-01   4.84380841e-01   3.10006086e-02
   6.25426412e-01   2.91728288e-01   5.83348095e-01   4.08303067e-02
   6.26154125e-01   3.54158044e-01   3.99910539e-01   3.97659093e-02
   6.29484951e-01   3.13642114e-01   5.37214756e-01   4.60879579e-02
   6.28317952e-01   3.17455083e-01   3.25642973e-01   5.27245104e-02
   6.25833869e-01   3.79120409e-01   6.33539319e-01]
Squared sum of errors between actual and predicted output: 0.043720990386442664

Actual ouput state iteration 40:
[  2.50000000e-03   0.00000000e+00   1.00000000e-04   0.00000000e+00
   0.00000000e+00   2.50000000e-01   4.16666667e-01   0.00000000e+00
   8.75000000e-01   2.50000000e-01   4.16666667e-01   0.00000000e+00
   6.25000000e-01   2.50000000e-01   4.16666667e-01   0.00000000e+00
   1.25000000e-01   2.50000000e-01   4.16666667e-01   6.94444444e-03
   6.25000000e-01   2.50000000e-01   5.00000000e-01   6.94444444e-03
   6.25000000e-01   3.33333333e-01   4.16666667e-01   6.94444444e-03
   6.25000000e-01   2.50000000e-01   3.33333333e-01   1.38888889e-02
   6.25000000e-01   3.33333333e-01   5.00000000e-01   1.38888889e-02
   6.25000000e-01   3.33333333e-01   3.33333333e-01   2.77777778e-02
   6.25000000e-01   2.50000000e-01   5.83333333e-01   2.77777778e-02
   6.25000000e-01   2.50000000e-01   2.50000000e-01]
Predicted output state:
[  2.54410296e-03   3.54076390e-09   9.99103067e-05   4.03759071e-09
   2.56723243e-09   1.49040461e-01   4.21383858e-01   3.86727361e-09
   1.28939554e-01   1.49040580e-01   4.21383858e-01   1.26941884e-02
   6.39882028e-01   2.25516006e-01   4.39017832e-01   1.55024454e-02
   6.25993907e-01   2.55398035e-01   4.33210850e-01   1.96608678e-02
   6.28449798e-01   2.74694741e-01   4.06172752e-01   2.82942597e-02
   6.34247661e-01   3.05363059e-01   4.18993235e-01   3.09529491e-02
   6.24545097e-01   2.95069724e-01   5.26510954e-01   4.08027805e-02
   6.26442909e-01   3.64227802e-01   3.54624361e-01   3.96406837e-02
   6.30395293e-01   3.11248451e-01   4.96616751e-01   4.60416302e-02
   6.28981292e-01   3.15983027e-01   2.77850837e-01   5.28002828e-02
   6.26427531e-01   3.58013362e-01   6.05455697e-01]
Squared sum of errors between actual and predicted output: 0.03469682525462111

Actual ouput state iteration 41:
[  2.60000000e-03   0.00000000e+00   1.00000000e-04   0.00000000e+00
   0.00000000e+00   2.50000000e-01   3.33333333e-01   0.00000000e+00
   8.75000000e-01   2.50000000e-01   3.33333333e-01   0.00000000e+00
   6.25000000e-01   2.50000000e-01   3.33333333e-01   0.00000000e+00
   1.25000000e-01   2.50000000e-01   3.33333333e-01   6.94444444e-03
   6.25000000e-01   3.33333333e-01   3.33333333e-01   6.94444444e-03
   6.25000000e-01   2.50000000e-01   2.50000000e-01   6.94444444e-03
   6.25000000e-01   2.50000000e-01   4.16666667e-01   6.94444444e-03
   8.75000000e-01   2.50000000e-01   4.16666667e-01   1.38888889e-02
   6.25000000e-01   3.33333333e-01   2.50000000e-01   1.38888889e-02
   6.25000000e-01   3.33333333e-01   4.16666667e-01   2.77777778e-02
   6.25000000e-01   2.50000000e-01   5.00000000e-01]
Predicted output state:
[  2.22247723e-03   2.74590328e-09   9.99489930e-05   2.92718338e-09
   1.92599825e-09   2.45969012e-01   3.32793862e-01   2.48333953e-09
   8.59451652e-01   2.45969012e-01   3.32793951e-01   4.86903920e-16
   6.88523591e-01   2.64438063e-01   4.25125688e-01   8.51206461e-20
   2.46913105e-01   2.89003223e-01   4.14151013e-01   1.64110036e-19
   8.01937521e-01   2.93583781e-01   4.07782823e-01   9.83478209e-18
   6.60683453e-01   2.98365325e-01   4.33417022e-01   1.47145664e-16
   6.70322120e-01   3.08661073e-01   4.37063098e-01   1.12163931e-16
   6.46971941e-01   3.01902980e-01   3.80117714e-01   9.58897751e-19
   6.46230161e-01   3.73485774e-01   4.47048485e-01   4.50864309e-16
   6.41918600e-01   2.95904994e-01   4.18977052e-01   4.47161134e-16
   6.38205945e-01   2.82844752e-01   4.81046975e-01]
Squared sum of errors between actual and predicted output: 0.21274394700028712

Actual ouput state iteration 42:
[  2.70000000e-03   0.00000000e+00   1.00000000e-04   0.00000000e+00
   0.00000000e+00   2.50000000e-01   2.50000000e-01   0.00000000e+00
   6.25000000e-01   2.50000000e-01   2.50000000e-01   0.00000000e+00
   8.75000000e-01   2.50000000e-01   2.50000000e-01   0.00000000e+00
   1.25000000e-01   2.50000000e-01   2.50000000e-01   6.94444444e-03
   6.25000000e-01   3.33333333e-01   2.50000000e-01   6.94444444e-03
   6.25000000e-01   2.50000000e-01   3.33333333e-01   6.94444444e-03
   8.75000000e-01   2.50000000e-01   3.33333333e-01   1.38888889e-02
   6.25000000e-01   3.33333333e-01   3.33333333e-01   2.77777778e-02
   6.25000000e-01   4.16666667e-01   2.50000000e-01   2.77777778e-02
   8.75000000e-01   2.50000000e-01   4.16666667e-01   2.77777778e-02
   6.25000000e-01   2.50000000e-01   4.16666667e-01]
Predicted output state:
[  2.15619872e-03   2.52894039e-09   9.99455660e-05   2.65715006e-09
   1.82294546e-09   2.35229939e-01   2.69719243e-01   2.33303288e-09
   8.58640969e-01   2.35230044e-01   2.69719332e-01   1.50755919e-15
   6.66411400e-01   2.64164835e-01   3.68060172e-01   3.80124621e-19
   2.60104835e-01   2.93189317e-01   3.61703038e-01   7.30178641e-19
   7.96132505e-01   2.95933515e-01   3.61291438e-01   3.79026002e-17
   6.62949622e-01   2.89116025e-01   3.91592056e-01   5.13083643e-16
   6.73804939e-01   3.16491246e-01   3.94611686e-01   3.96019270e-16
   6.48423970e-01   3.13328862e-01   3.54720801e-01   4.11877753e-18
   6.47575140e-01   3.82043064e-01   4.13278043e-01   1.54739526e-15
   6.42766953e-01   2.90488899e-01   3.91522825e-01   1.54682870e-15
   6.39590681e-01   2.73095936e-01   4.52133149e-01]
Squared sum of errors between actual and predicted output: 0.1905152060383539

Actual ouput state iteration 43:
[  2.80000000e-03   0.00000000e+00   1.00000000e-04   0.00000000e+00
   0.00000000e+00   3.33333333e-01   2.50000000e-01   0.00000000e+00
   1.25000000e-01   3.33333333e-01   2.50000000e-01   0.00000000e+00
   8.75000000e-01   3.33333333e-01   2.50000000e-01   0.00000000e+00
   6.25000000e-01   3.33333333e-01   2.50000000e-01   6.94444444e-03
   6.25000000e-01   2.50000000e-01   2.50000000e-01   6.94444444e-03
   8.75000000e-01   2.50000000e-01   2.50000000e-01   6.94444444e-03
   6.25000000e-01   3.33333333e-01   3.33333333e-01   6.94444444e-03
   6.25000000e-01   4.16666667e-01   2.50000000e-01   1.38888889e-02
   6.25000000e-01   2.50000000e-01   3.33333333e-01   1.38888889e-02
   8.75000000e-01   2.50000000e-01   3.33333333e-01   1.38888889e-02
   6.25000000e-01   4.16666667e-01   3.33333333e-01]
Predicted output state:
[  2.33124895e-03   1.90438398e-09   9.99469048e-05   1.97568495e-09
   1.37532297e-09   2.69080460e-01   2.10695565e-01   1.76372794e-09
   8.58521163e-01   2.69080609e-01   2.10695595e-01   8.16312849e-17
   7.20057726e-01   2.98844576e-01   3.08575749e-01   8.45094323e-21
   2.25535229e-01   3.26971650e-01   3.11206251e-01   1.65924757e-20
   8.07566464e-01   3.26616824e-01   3.13292563e-01   1.23891462e-18
   6.58625722e-01   3.05822641e-01   3.42663556e-01   2.21272055e-17
   6.63666606e-01   3.43646169e-01   3.40569168e-01   1.60381999e-17
   6.45305872e-01   3.28702837e-01   3.38082045e-01   1.03622596e-19
   6.45362258e-01   4.06006455e-01   3.84277910e-01   6.92639752e-17
   6.41430855e-01   3.11479717e-01   3.64950091e-01   6.85811806e-17
   6.37573719e-01   2.69041359e-01   4.06350315e-01]
Squared sum of errors between actual and predicted output: 0.28645505418313594

Actual ouput state iteration 44:
[  2.90000000e-03   0.00000000e+00   1.00000000e-04   0.00000000e+00
   0.00000000e+00   3.33333333e-01   3.33333333e-01   0.00000000e+00
   1.25000000e-01   3.33333333e-01   3.33333333e-01   0.00000000e+00
   8.75000000e-01   3.33333333e-01   3.33333333e-01   0.00000000e+00
   6.25000000e-01   3.33333333e-01   3.33333333e-01   6.94444444e-03
   6.25000000e-01   3.33333333e-01   2.50000000e-01   6.94444444e-03
   8.75000000e-01   3.33333333e-01   2.50000000e-01   6.94444444e-03
   6.25000000e-01   2.50000000e-01   3.33333333e-01   6.94444444e-03
   6.25000000e-01   4.16666667e-01   3.33333333e-01   6.94444444e-03
   6.25000000e-01   3.33333333e-01   4.16666667e-01   1.38888889e-02
   8.75000000e-01   2.50000000e-01   2.50000000e-01   1.38888889e-02
   6.25000000e-01   2.50000000e-01   2.50000000e-01]
Predicted output state:
[  2.58925348e-03   4.60672211e-09   1.00039775e-04   5.24174082e-09
   4.47261650e-09   2.98468560e-01   1.60315216e-01   5.23623456e-09
   1.35520667e-01   2.98468679e-01   1.60315171e-01   1.04075382e-02
   6.40862882e-01   3.06510657e-01   2.67243624e-01   1.48803378e-02
   6.31941080e-01   3.46394777e-01   2.56939501e-01   1.82213634e-02
   6.36179030e-01   3.45334023e-01   2.92726725e-01   2.78556291e-02
   6.30312085e-01   2.90070623e-01   3.17512423e-01   3.24267335e-02
   6.26986623e-01   4.23098743e-01   3.25069219e-01   3.89372073e-02
   6.23822391e-01   3.86252999e-01   3.38392913e-01   4.08942401e-02
   6.26605928e-01   4.71355379e-01   3.23344469e-01   4.85658199e-02
   6.25749886e-01   2.33750090e-01   3.51111233e-01   5.59368096e-02
   6.25460982e-01   3.62259358e-01   3.67250621e-01]
Squared sum of errors between actual and predicted output: 0.29086103391930895

Actual ouput state iteration 45:
[  3.00000000e-03   0.00000000e+00   1.00000000e-04   0.00000000e+00
   0.00000000e+00   4.16666667e-01   3.33333333e-01   0.00000000e+00
   8.75000000e-01   4.16666667e-01   3.33333333e-01   0.00000000e+00
   6.25000000e-01   4.16666667e-01   3.33333333e-01   0.00000000e+00
   1.25000000e-01   4.16666667e-01   3.33333333e-01   6.94444444e-03
   6.25000000e-01   4.16666667e-01   2.50000000e-01   6.94444444e-03
   6.25000000e-01   5.00000000e-01   3.33333333e-01   6.94444444e-03
   8.75000000e-01   3.33333333e-01   3.33333333e-01   6.94444444e-03
   6.25000000e-01   3.33333333e-01   3.33333333e-01   6.94444444e-03
   6.25000000e-01   4.16666667e-01   4.16666667e-01   1.38888889e-02
   6.25000000e-01   5.00000000e-01   2.50000000e-01   1.38888889e-02
   8.75000000e-01   3.33333333e-01   2.50000000e-01]
Predicted output state:
[  2.55630375e-03   3.90205290e-09   9.99542390e-05   4.48957405e-09
   3.46887008e-09   2.79902041e-01   2.31132179e-01   4.39560566e-09
   1.34110779e-01   2.79902160e-01   2.31132179e-01   9.07438435e-03
   6.44120991e-01   2.95752168e-01   3.38122129e-01   1.22442450e-02
   6.30908549e-01   3.13062191e-01   3.20981085e-01   1.50486277e-02
   6.35221899e-01   3.52523506e-01   3.49129170e-01   2.32335478e-02
   6.32060945e-01   3.22226673e-01   3.55928630e-01   2.67718900e-02
   6.27513051e-01   3.47828448e-01   3.92398179e-01   3.28227691e-02
   6.25283539e-01   4.09017563e-01   3.66119146e-01   3.36582139e-02
   6.27795994e-01   4.16087508e-01   3.90941978e-01   4.02749740e-02
   6.26981139e-01   3.04021686e-01   3.30020100e-01   4.69913185e-02
   6.26123011e-01   3.48231256e-01   4.21059787e-01]
Squared sum of errors between actual and predicted output: 0.29828025769413286

Actual ouput state iteration 46:
[  3.10000000e-03   0.00000000e+00   1.00000000e-04   0.00000000e+00
   0.00000000e+00   4.16666667e-01   2.50000000e-01   0.00000000e+00
   1.25000000e-01   4.16666667e-01   2.50000000e-01   0.00000000e+00
   8.75000000e-01   4.16666667e-01   2.50000000e-01   0.00000000e+00
   6.25000000e-01   4.16666667e-01   2.50000000e-01   6.94444444e-03
   8.75000000e-01   4.16666667e-01   3.33333333e-01   6.94444444e-03
   6.25000000e-01   4.16666667e-01   3.33333333e-01   6.94444444e-03
   6.25000000e-01   5.00000000e-01   2.50000000e-01   6.94444444e-03
   6.25000000e-01   3.33333333e-01   2.50000000e-01   1.38888889e-02
   6.25000000e-01   5.00000000e-01   3.33333333e-01   1.38888889e-02
   6.25000000e-01   3.33333333e-01   3.33333333e-01   1.38888889e-02
   8.75000000e-01   3.33333333e-01   3.33333333e-01]
Predicted output state:
[  2.46751471e-03   1.31383759e-09   9.99679614e-05   1.34007261e-09
   8.80986006e-10   4.59798753e-01   2.66149461e-01   1.19850541e-09
   8.51422191e-01   4.59798813e-01   2.66149461e-01   3.04278388e-17
   7.40947962e-01   4.58855152e-01   3.31148952e-01   2.02152178e-21
   2.06882134e-01   4.60628152e-01   3.43080848e-01   3.86340158e-21
   8.10664356e-01   4.60879773e-01   3.37689906e-01   3.37015896e-19
   6.55149102e-01   4.40700740e-01   3.46113354e-01   6.78444977e-18
   6.57165587e-01   4.41961229e-01   3.38452309e-01   4.67745242e-18
   6.44801199e-01   4.02081251e-01   3.87188017e-01   2.44332900e-20
   6.44067109e-01   4.63709980e-01   4.07619059e-01   2.09716854e-17
   6.40526593e-01   4.37019795e-01   3.75005782e-01   2.03731078e-17
   6.37273192e-01   3.64321619e-01   3.76354247e-01]
Squared sum of errors between actual and predicted output: 0.2498253451588856

Actual ouput state iteration 47:
[  3.20000000e-03   0.00000000e+00   1.00000000e-04   0.00000000e+00
   0.00000000e+00   5.00000000e-01   2.50000000e-01   0.00000000e+00
   1.25000000e-01   5.00000000e-01   2.50000000e-01   0.00000000e+00
   6.25000000e-01   5.00000000e-01   2.50000000e-01   0.00000000e+00
   8.75000000e-01   5.00000000e-01   2.50000000e-01   6.94444444e-03
   8.75000000e-01   4.16666667e-01   2.50000000e-01   6.94444444e-03
   6.25000000e-01   4.16666667e-01   2.50000000e-01   6.94444444e-03
   6.25000000e-01   5.00000000e-01   3.33333333e-01   6.94444444e-03
   6.25000000e-01   5.83333333e-01   2.50000000e-01   1.38888889e-02
   8.75000000e-01   4.16666667e-01   3.33333333e-01   1.38888889e-02
   6.25000000e-01   4.16666667e-01   3.33333333e-01   1.38888889e-02
   6.25000000e-01   5.83333333e-01   3.33333333e-01]
Predicted output state:
[  2.59683561e-03   2.53894505e-09   1.00032521e-04   2.81791857e-09
   2.28553088e-09   4.39561516e-01   1.76022232e-01   2.92390223e-09
   1.30148813e-01   4.39561605e-01   1.76022246e-01   1.13447635e-02
   6.39934421e-01   4.12075013e-01   2.72395462e-01   1.56779774e-02
   6.28343046e-01   4.39555734e-01   2.70321786e-01   1.90481208e-02
   6.32336915e-01   4.30983603e-01   2.92288184e-01   2.88864076e-02
   6.31237149e-01   3.76517266e-01   3.10041845e-01   3.34163755e-02
   6.25543833e-01   4.94387567e-01   3.37203950e-01   4.03352939e-02
   6.25519753e-01   4.44436759e-01   3.44042063e-01   4.19144072e-02
   6.27880871e-01   5.01100123e-01   3.38923067e-01   4.92711626e-02
   6.26673996e-01   3.09253961e-01   3.24490935e-01   5.67855462e-02
   6.26653612e-01   4.43962723e-01   3.78296822e-01]
Squared sum of errors between actual and predicted output: 0.24387364627889976

Actual ouput state iteration 48:
[  3.30000000e-03   0.00000000e+00   1.00000000e-04   0.00000000e+00
   0.00000000e+00   5.83333333e-01   2.50000000e-01   0.00000000e+00
   8.75000000e-01   5.83333333e-01   2.50000000e-01   0.00000000e+00
   1.25000000e-01   5.83333333e-01   2.50000000e-01   0.00000000e+00
   6.25000000e-01   5.83333333e-01   2.50000000e-01   6.94444444e-03
   6.25000000e-01   6.66666667e-01   2.50000000e-01   6.94444444e-03
   6.25000000e-01   5.83333333e-01   3.33333333e-01   6.94444444e-03
   8.75000000e-01   5.00000000e-01   2.50000000e-01   6.94444444e-03
   6.25000000e-01   5.00000000e-01   2.50000000e-01   1.38888889e-02
   6.25000000e-01   6.66666667e-01   3.33333333e-01   1.38888889e-02
   6.25000000e-01   5.00000000e-01   3.33333333e-01   2.77777778e-02
   8.75000000e-01   4.16666667e-01   2.50000000e-01]
Predicted output state:
[  2.60878727e-03   1.76930082e-09   1.00025463e-04   1.92718508e-09
   1.51155444e-09   5.50258517e-01   1.89327091e-01   2.04914308e-09
   1.25936732e-01   5.50258636e-01   1.89327076e-01   1.31657347e-02
   6.38560295e-01   5.01697242e-01   2.73828655e-01   1.78510696e-02
   6.25297666e-01   5.16621232e-01   2.78553814e-01   2.14480832e-02
   6.29060268e-01   5.04179239e-01   2.91295677e-01   3.21413092e-02
   6.31636322e-01   4.50509220e-01   3.02276313e-01   3.69445272e-02
   6.24386609e-01   5.47500610e-01   3.39948446e-01   4.43861224e-02
   6.26680553e-01   4.96175975e-01   3.52270991e-01   4.61534411e-02
   6.28639698e-01   5.27277768e-01   3.50021839e-01   5.35723381e-02
   6.27272010e-01   3.78780484e-01   3.06566626e-01   6.16150983e-02
   6.27551019e-01   4.97614264e-01   3.81073862e-01]
Squared sum of errors between actual and predicted output: 0.26427403998638727

Actual ouput state iteration 49:
[  3.40000000e-03   0.00000000e+00   1.00000000e-04   0.00000000e+00
   0.00000000e+00   6.66666667e-01   2.50000000e-01   0.00000000e+00
   8.75000000e-01   6.66666667e-01   2.50000000e-01   0.00000000e+00
   1.25000000e-01   6.66666667e-01   2.50000000e-01   0.00000000e+00
   6.25000000e-01   6.66666667e-01   2.50000000e-01   6.94444444e-03
   8.75000000e-01   5.83333333e-01   2.50000000e-01   6.94444444e-03
   6.25000000e-01   5.83333333e-01   2.50000000e-01   6.94444444e-03
   6.25000000e-01   6.66666667e-01   3.33333333e-01   1.38888889e-02
   6.25000000e-01   5.83333333e-01   3.33333333e-01   2.77777778e-02
   8.75000000e-01   5.00000000e-01   2.50000000e-01   2.77777778e-02
   6.25000000e-01   5.00000000e-01   2.50000000e-01   2.77777778e-02
   6.25000000e-01   6.66666667e-01   4.16666667e-01]
Predicted output state:
[  1.17126061e-03   1.59684255e-09   9.99557597e-05   1.47429358e-09
   1.19693833e-09   5.74247599e-01   2.42377788e-01   1.68372516e-09
   8.26280355e-01   5.74247956e-01   2.42377907e-01   3.07615759e-04
   1.77294329e-01   5.87114811e-01   2.76603162e-01   1.79587369e-04
   6.14666641e-01   5.91335773e-01   2.82424718e-01   2.65127397e-04
   6.50807679e-01   5.94365299e-01   2.95552671e-01   5.77472209e-04
   7.00580120e-01   5.42957008e-01   3.02485019e-01   7.66940473e-04
   7.45875061e-01   5.69303334e-01   3.16036224e-01   8.34999955e-04
   6.80405200e-01   6.21695757e-01   3.64370644e-01   5.94419602e-04
   6.70367777e-01   5.41451335e-01   3.34235758e-01   1.50334521e-03
   6.56826854e-01   5.19258916e-01   3.22482347e-01   1.64026977e-03
   6.64923370e-01   5.23936093e-01   3.50958556e-01]
Squared sum of errors between actual and predicted output: 0.16664349882037033

Actual ouput state iteration 50:
[  3.40000000e-03   0.00000000e+00   1.00000000e-04   0.00000000e+00
   0.00000000e+00   6.66666667e-01   1.66666667e-01   0.00000000e+00
   1.25000000e-01   6.66666667e-01   1.66666667e-01   6.94444444e-03
   8.75000000e-01   6.66666667e-01   2.50000000e-01   6.94444444e-03
   6.25000000e-01   6.66666667e-01   2.50000000e-01   1.38888889e-02
   6.25000000e-01   5.83333333e-01   2.50000000e-01   1.38888889e-02
   8.75000000e-01   5.83333333e-01   2.50000000e-01   2.77777778e-02
   6.25000000e-01   6.66666667e-01   3.33333333e-01   3.47222222e-02
   6.25000000e-01   5.00000000e-01   2.50000000e-01   3.47222222e-02
   6.25000000e-01   5.83333333e-01   3.33333333e-01   5.55555556e-02
   6.25000000e-01   5.00000000e-01   3.33333333e-01   6.25000000e-02
   6.25000000e-01   6.66666667e-01   4.16666667e-01]
Predicted output state:
[  1.19307020e-03   1.34359690e-09   9.99606200e-05   1.22873267e-09
   9.95109328e-10   6.51641250e-01   2.41798252e-01   1.41589018e-09
   8.24162364e-01   6.51641369e-01   2.41798416e-01   2.16980130e-04
   1.82652488e-01   6.41253829e-01   2.69290477e-01   1.09300141e-04
   6.06050491e-01   6.38262272e-01   2.80029863e-01   1.60510142e-04
   6.52469993e-01   6.38250589e-01   2.91772723e-01   3.68414330e-04
   6.99527383e-01   5.85390568e-01   2.92266786e-01   5.09722915e-04
   7.44003296e-01   6.06166303e-01   3.07991803e-01   5.46463940e-04
   6.80175066e-01   6.47313178e-01   3.70964497e-01   3.61804181e-04
   6.69975340e-01   5.65722942e-01   3.36029977e-01   9.97923664e-04
   6.56613231e-01   5.57280898e-01   3.17058653e-01   1.08162360e-03
   6.64740860e-01   5.55122733e-01   3.38665366e-01]
Squared sum of errors between actual and predicted output: 0.18335737522927326

Actual ouput state iteration 51:
[  3.40000000e-03   0.00000000e+00   1.00000000e-04   0.00000000e+00
   0.00000000e+00   6.66666667e-01   8.33333333e-02   0.00000000e+00
   1.25000000e-01   6.66666667e-01   8.33333333e-02   2.77777778e-02
   6.25000000e-01   6.66666667e-01   2.50000000e-01   2.77777778e-02
   8.75000000e-01   6.66666667e-01   2.50000000e-01   3.47222222e-02
   6.25000000e-01   5.83333333e-01   2.50000000e-01   5.55555556e-02
   6.25000000e-01   5.00000000e-01   2.50000000e-01   6.25000000e-02
   6.25000000e-01   6.66666667e-01   3.33333333e-01   6.94444444e-02
   6.25000000e-01   5.83333333e-01   3.33333333e-01   9.02777778e-02
   6.25000000e-01   5.00000000e-01   3.33333333e-01   9.02777778e-02
   6.25000000e-01   4.16666667e-01   2.50000000e-01   1.11111111e-01
   6.25000000e-01   6.66666667e-01   4.16666667e-01]
Predicted output state:
[  2.67704623e-03   9.65960312e-10   1.00094359e-04   1.02311815e-09
   8.09887379e-10   7.09540129e-01   1.67125925e-01   1.17642773e-09
   1.21167190e-01   7.09540367e-01   1.67125911e-01   2.29707230e-02
   6.30441010e-01   6.06783450e-01   2.35685796e-01   3.12689692e-02
   6.21315479e-01   6.19061053e-01   2.61030465e-01   3.71831208e-02
   6.24547303e-01   5.69455266e-01   2.65362591e-01   5.25411330e-02
   6.29800081e-01   5.29847503e-01   2.65468031e-01   5.82501441e-02
   6.21085167e-01   6.69824481e-01   3.26610982e-01   7.11304694e-02
   6.26859009e-01   5.09015441e-01   3.36226732e-01   7.41527677e-02
   6.28754914e-01   5.64601600e-01   3.50580931e-01   8.23913068e-02
   6.27088845e-01   4.17849660e-01   2.78184921e-01   9.13209766e-02
   6.27157390e-01   6.52866364e-01   3.64521354e-01]
Squared sum of errors between actual and predicted output: 0.16255146327269976



Maximum SSE occurred: 0.7412111765452674
Total SSE: 9.913628606397491
Variance output object: 
[  8.54681381e-07   0.00000000e+00   1.83670992e-40   0.00000000e+00
   0.00000000e+00   2.91869388e-02   4.41141569e-02   0.00000000e+00
   1.11828053e-01   2.91869388e-02   4.41141569e-02   2.46877871e-04
   7.84531862e-02   2.47221233e-02   2.43611803e-02   3.30315037e-04
   4.45888216e-02   2.60027293e-02   2.41090147e-02   2.82759286e-04
   1.09469562e-02   1.85465369e-02   2.46331237e-02   5.57758571e-04
   8.00996796e-03   1.97678098e-02   2.27591867e-02   6.93764586e-04
   9.56746173e-03   2.48358451e-02   1.91200902e-02   9.30410244e-04
   3.33748665e-03   1.56095487e-02   1.67121554e-02   1.00351219e-03
   5.33997864e-03   1.42498319e-02   1.56342708e-02   1.10161095e-03
   8.81096476e-03   1.91992010e-02   1.78444286e-02   1.34673767e-03
   8.81096476e-03   2.16219691e-02   1.85959812e-02]
Variance predicted object: 
[  3.59178273e-07   9.17667356e-17   1.82783971e-15   1.29246812e-16
   6.44474150e-17   3.96781601e-02   4.81283478e-02   6.00057397e-17
   1.18062928e-01   3.96781787e-02   4.81283441e-02   1.81462543e-04
   4.21341918e-02   2.30632480e-02   2.56599803e-02   3.24401131e-04
   2.51654573e-02   1.90247335e-02   2.08074637e-02   4.15776449e-04
   4.29150276e-03   1.60480961e-02   1.92218032e-02   7.47449405e-04
   8.45956441e-04   1.40903704e-02   1.44662149e-02   8.76070175e-04
   2.41680397e-03   1.32353753e-02   1.38606308e-02   1.19939761e-03
   4.99143382e-04   1.00962128e-02   9.26490314e-03   1.40425772e-03
   3.16985272e-04   6.43121870e-03   8.42431374e-03   1.63363991e-03
   1.59361065e-04   1.18743032e-02   8.26651230e-03   1.94200792e-03
   2.43316652e-04   1.29361032e-02   8.53583124e-03]