Game: ZenPuzzle
File: 4-101_4.txt
Actual ouput state iteration 0:
[  1.00000000e-04   0.00000000e+00   1.00000000e-04   0.00000000e+00
   0.00000000e+00   2.50000000e-01   4.54545455e-01   0.00000000e+00
   8.75000000e-01   2.50000000e-01   4.54545455e-01   0.00000000e+00
   6.25000000e-01   2.50000000e-01   4.54545455e-01   0.00000000e+00
   1.25000000e-01   2.50000000e-01   4.54545455e-01   6.94444444e-03
   6.25000000e-01   3.33333333e-01   4.54545455e-01   8.26446281e-03
   6.25000000e-01   2.50000000e-01   5.45454545e-01   8.26446281e-03
   6.25000000e-01   2.50000000e-01   3.63636364e-01   1.52089073e-02
   6.25000000e-01   3.33333333e-01   3.63636364e-01   1.52089073e-02
   6.25000000e-01   3.33333333e-01   5.45454545e-01   2.77777778e-02
   6.25000000e-01   4.16666667e-01   4.54545455e-01   3.30578512e-02
   6.25000000e-01   2.50000000e-01   2.72727273e-01]
Predicted output state:
[  2.62209307e-03   2.53526679e-07   9.99964759e-05   3.04703235e-07
   2.05780069e-07   8.29546377e-02   4.93357211e-01   2.03103539e-07
   1.31136104e-01   8.29545632e-02   4.93357211e-01   2.23819949e-02
   6.38763011e-01   2.34289527e-01   5.17449737e-01   2.92246733e-02
   6.26818061e-01   2.27217585e-01   4.76044565e-01   3.43984775e-02
   6.32690251e-01   2.80570537e-01   4.97273743e-01   4.94312719e-02
   6.27023280e-01   3.08909476e-01   5.83357871e-01   5.48253693e-02
   6.30846798e-01   2.63094157e-01   4.30738896e-01   6.42387345e-02
   6.26524627e-01   2.92843282e-01   4.70218778e-01   6.81910515e-02
   6.23294532e-01   3.60705197e-01   3.96940202e-01   7.86002427e-02
   6.23899877e-01   3.37769747e-01   5.49491823e-01   8.86587501e-02
   6.25367761e-01   3.10867727e-01   6.07618332e-01]
Squared sum of errors between actual and predicted output: 0.1293727372522301

Actual ouput state iteration 1:
[  2.00000000e-04   0.00000000e+00   1.00000000e-04   0.00000000e+00
   0.00000000e+00   3.33333333e-01   4.54545455e-01   0.00000000e+00
   1.25000000e-01   3.33333333e-01   4.54545455e-01   0.00000000e+00
   8.75000000e-01   3.33333333e-01   4.54545455e-01   0.00000000e+00
   6.25000000e-01   3.33333333e-01   4.54545455e-01   6.94444444e-03
   6.25000000e-01   2.50000000e-01   4.54545455e-01   6.94444444e-03
   8.75000000e-01   2.50000000e-01   4.54545455e-01   6.94444444e-03
   6.25000000e-01   4.16666667e-01   4.54545455e-01   8.26446281e-03
   6.25000000e-01   3.33333333e-01   3.63636364e-01   8.26446281e-03
   6.25000000e-01   3.33333333e-01   5.45454545e-01   1.52089073e-02
   6.25000000e-01   2.50000000e-01   3.63636364e-01   1.52089073e-02
   6.25000000e-01   2.50000000e-01   5.45454545e-01]
Predicted output state:
[  2.38327775e-03   2.72036482e-09   9.99509066e-05   2.93998559e-09
   1.85792870e-09   2.70897865e-01   3.78851742e-01   2.40649456e-09
   8.61058474e-01   2.70897865e-01   3.78851891e-01   3.12693032e-17
   7.37555981e-01   2.72924602e-01   4.68741536e-01   2.33893113e-21
   2.17063546e-01   2.92455941e-01   4.55361664e-01   4.58575078e-21
   8.14162850e-01   2.97841936e-01   4.43050027e-01   3.87249438e-19
   6.56073034e-01   3.10428679e-01   4.63974595e-01   7.43138980e-18
   6.61677539e-01   3.05173159e-01   4.66610253e-01   5.43206985e-18
   6.43729925e-01   2.91483939e-01   4.01394457e-01   2.94298163e-20
   6.43580556e-01   3.71762842e-01   4.74890530e-01   2.36728305e-17
   6.40305102e-01   3.04943532e-01   4.41627771e-01   2.32006146e-17
   6.35532796e-01   2.85894036e-01   4.99500066e-01]
Squared sum of errors between actual and predicted output: 0.17817977888914804

Actual ouput state iteration 2:
[  3.00000000e-04   0.00000000e+00   1.00000000e-04   0.00000000e+00
   0.00000000e+00   3.33333333e-01   3.63636364e-01   0.00000000e+00
   8.75000000e-01   3.33333333e-01   3.63636364e-01   0.00000000e+00
   1.25000000e-01   3.33333333e-01   3.63636364e-01   0.00000000e+00
   6.25000000e-01   3.33333333e-01   3.63636364e-01   6.94444444e-03
   6.25000000e-01   2.50000000e-01   3.63636364e-01   6.94444444e-03
   6.25000000e-01   4.16666667e-01   3.63636364e-01   8.26446281e-03
   8.75000000e-01   3.33333333e-01   4.54545455e-01   8.26446281e-03
   6.25000000e-01   3.33333333e-01   4.54545455e-01   8.26446281e-03
   6.25000000e-01   3.33333333e-01   2.72727273e-01   1.52089073e-02
   8.75000000e-01   2.50000000e-01   4.54545455e-01   1.52089073e-02
   6.25000000e-01   2.50000000e-01   4.54545455e-01]
Predicted output state:
[  2.53186142e-03   2.92897595e-09   9.98998294e-05   3.31195804e-09
   2.14526463e-09   2.13078737e-01   3.94830257e-01   3.21853855e-09
   1.28784984e-01   2.13078797e-01   3.94830257e-01   1.10773724e-02
   6.41987801e-01   2.67598391e-01   4.35290009e-01   1.34316469e-02
   6.26258850e-01   2.95767367e-01   4.28935468e-01   1.69776119e-02
   6.29027426e-01   3.12750816e-01   4.00827020e-01   2.48636287e-02
   6.34739041e-01   3.34475756e-01   4.14123684e-01   2.75083166e-02
   6.25020266e-01   3.20541501e-01   5.24925411e-01   3.60030830e-02
   6.26961112e-01   3.98213595e-01   3.53711575e-01   3.49020585e-02
   6.30581200e-01   3.41754228e-01   4.91011411e-01   4.09427658e-02
   6.29292071e-01   3.38137418e-01   2.77619451e-01   4.74109128e-02
   6.26817286e-01   3.62958550e-01   6.03869200e-01]
Squared sum of errors between actual and predicted output: 0.22772203607946004

Actual ouput state iteration 3:
[  4.00000000e-04   0.00000000e+00   1.00000000e-04   0.00000000e+00
   0.00000000e+00   4.16666667e-01   3.63636364e-01   0.00000000e+00
   8.75000000e-01   4.16666667e-01   3.63636364e-01   0.00000000e+00
   1.25000000e-01   4.16666667e-01   3.63636364e-01   0.00000000e+00
   6.25000000e-01   4.16666667e-01   3.63636364e-01   6.94444444e-03
   6.25000000e-01   5.00000000e-01   3.63636364e-01   6.94444444e-03
   8.75000000e-01   3.33333333e-01   3.63636364e-01   6.94444444e-03
   6.25000000e-01   3.33333333e-01   3.63636364e-01   8.26446281e-03
   6.25000000e-01   4.16666667e-01   4.54545455e-01   8.26446281e-03
   6.25000000e-01   4.16666667e-01   2.72727273e-01   1.52089073e-02
   6.25000000e-01   5.00000000e-01   4.54545455e-01   1.52089073e-02
   6.25000000e-01   3.33333333e-01   4.54545455e-01]
Predicted output state:
[  1.06881780e-03   4.10705248e-09   9.99299300e-05   4.04132017e-09
   3.26439431e-09   2.76782840e-01   3.18669081e-01   4.24972679e-09
   8.38480651e-01   2.76782900e-01   3.18669170e-01   1.92303653e-03
   1.53042048e-01   3.12227458e-01   3.90277505e-01   2.33698636e-03
   6.59249127e-01   3.49049449e-01   3.66856098e-01   3.53611121e-03
   6.45480633e-01   3.58852446e-01   3.81426096e-01   5.86807774e-03
   7.04611361e-01   3.40582758e-01   4.11152005e-01   6.22380804e-03
   7.55404353e-01   3.77805978e-01   4.39021975e-01   7.48953596e-03
   6.80928409e-01   4.69904482e-01   3.55443835e-01   7.61224283e-03
   6.71446264e-01   4.20482814e-01   3.82475942e-01   1.23192174e-02
   6.57583237e-01   3.21573198e-01   3.79775167e-01   1.37313763e-02
   6.64451838e-01   3.88642967e-01   4.82759237e-01]
Squared sum of errors between actual and predicted output: 0.19163058241755435

Actual ouput state iteration 4:
[  4.00000000e-04   0.00000000e+00   1.00000000e-04   0.00000000e+00
   0.00000000e+00   4.16666667e-01   3.63636364e-01   0.00000000e+00
   8.75000000e-01   4.16666667e-01   3.63636364e-01   0.00000000e+00
   8.75000000e-01   4.16666667e-01   3.63636364e-01   0.00000000e+00
   1.25000000e-01   4.16666667e-01   3.63636364e-01   0.00000000e+00
   6.25000000e-01   4.16666667e-01   3.63636364e-01   6.94444444e-03
   6.25000000e-01   5.00000000e-01   3.63636364e-01   6.94444444e-03
   6.25000000e-01   3.33333333e-01   3.63636364e-01   6.94444444e-03
   8.75000000e-01   3.33333333e-01   3.63636364e-01   8.26446281e-03
   6.25000000e-01   4.16666667e-01   4.54545455e-01   8.26446281e-03
   6.25000000e-01   4.16666667e-01   2.72727273e-01   1.52089073e-02
   6.25000000e-01   5.00000000e-01   4.54545455e-01]
Predicted output state:
[  1.08227599e-03   3.13683524e-09   9.99364202e-05   3.02833914e-09
   2.45198417e-09   3.68330896e-01   3.01651061e-01   3.26646821e-09
   8.34683478e-01   3.68330956e-01   3.01651210e-01   1.90879917e-03
   1.53762788e-01   3.94318432e-01   3.62116873e-01   2.20304076e-03
   6.54100120e-01   4.22848463e-01   3.46823007e-01   3.28961178e-03
   6.43863797e-01   4.31440055e-01   3.60902309e-01   5.53719653e-03
   7.04221606e-01   4.02765095e-01   3.83061528e-01   5.97192300e-03
   7.54194379e-01   4.35464829e-01   4.07405227e-01   7.03607360e-03
   6.81438327e-01   5.20866156e-01   3.61276180e-01   7.03997863e-03
   6.71565771e-01   4.58748251e-01   3.70584041e-01   1.16766822e-02
   6.57649636e-01   3.79924208e-01   3.65902126e-01   1.29676396e-02
   6.65069699e-01   4.31931078e-01   4.46817160e-01]
Squared sum of errors between actual and predicted output: 0.15597567672474913

Actual ouput state iteration 5:
[  5.00000000e-04   0.00000000e+00   1.00000000e-04   0.00000000e+00
   0.00000000e+00   5.00000000e-01   3.63636364e-01   0.00000000e+00
   1.25000000e-01   5.00000000e-01   3.63636364e-01   0.00000000e+00
   8.75000000e-01   5.00000000e-01   3.63636364e-01   0.00000000e+00
   6.25000000e-01   5.00000000e-01   3.63636364e-01   6.94444444e-03
   8.75000000e-01   4.16666667e-01   3.63636364e-01   6.94444444e-03
   8.75000000e-01   4.16666667e-01   3.63636364e-01   6.94444444e-03
   6.25000000e-01   4.16666667e-01   3.63636364e-01   6.94444444e-03
   6.25000000e-01   5.83333333e-01   3.63636364e-01   8.26446281e-03
   6.25000000e-01   5.00000000e-01   4.54545455e-01   8.26446281e-03
   6.25000000e-01   5.00000000e-01   2.72727273e-01   1.52089073e-02
   6.25000000e-01   4.16666667e-01   4.54545455e-01]
Predicted output state:
[  2.51552579e-03   1.55204360e-09   9.99692056e-05   1.61811731e-09
   1.00958930e-09   4.73199606e-01   3.58975053e-01   1.38013967e-09
   8.53004992e-01   4.73199695e-01   3.58975112e-01   1.31609953e-17
   7.55142331e-01   4.48135108e-01   4.16775256e-01   6.67601801e-22
   1.99544162e-01   4.44290578e-01   4.21186298e-01   1.27730419e-21
   8.15506518e-01   4.47892159e-01   4.07335192e-01   1.23903694e-19
   6.53321207e-01   4.47347492e-01   4.09827083e-01   2.66991444e-18
   6.55123591e-01   4.21357661e-01   4.04169053e-01   1.83790392e-18
   6.43638909e-01   3.82138044e-01   4.23005134e-01   8.29944640e-21
   6.42847061e-01   4.47915673e-01   4.56726164e-01   8.36707334e-18
   6.39780641e-01   4.36148942e-01   4.16549861e-01   8.08135772e-18
   6.35935545e-01   3.74520123e-01   4.24360722e-01]
Squared sum of errors between actual and predicted output: 0.18922509992960804

Actual ouput state iteration 6:
[  5.00000000e-04   0.00000000e+00   1.00000000e-04   0.00000000e+00
   0.00000000e+00   5.00000000e-01   3.63636364e-01   0.00000000e+00
   8.75000000e-01   5.00000000e-01   3.63636364e-01   0.00000000e+00
   8.75000000e-01   5.00000000e-01   3.63636364e-01   0.00000000e+00
   1.25000000e-01   5.00000000e-01   3.63636364e-01   0.00000000e+00
   6.25000000e-01   5.00000000e-01   3.63636364e-01   6.94444444e-03
   6.25000000e-01   4.16666667e-01   3.63636364e-01   6.94444444e-03
   8.75000000e-01   4.16666667e-01   3.63636364e-01   6.94444444e-03
   6.25000000e-01   5.83333333e-01   3.63636364e-01   8.26446281e-03
   6.25000000e-01   5.00000000e-01   4.54545455e-01   8.26446281e-03
   6.25000000e-01   5.00000000e-01   2.72727273e-01   1.52089073e-02
   6.25000000e-01   4.16666667e-01   4.54545455e-01]
Predicted output state:
[  2.54669879e-03   2.06764272e-09   9.99206022e-05   2.29353114e-09
   1.64501979e-09   4.28460777e-01   2.72990793e-01   2.33439956e-09
   1.27778679e-01   4.28461075e-01   2.72990823e-01   1.01583647e-02
   6.43383145e-01   4.06749547e-01   3.60223800e-01   1.29019683e-02
   6.26470864e-01   4.18342680e-01   3.55437070e-01   1.58498455e-02
   6.29855216e-01   4.39639568e-01   3.51600140e-01   2.39913389e-02
   6.34010017e-01   4.17153329e-01   3.57474685e-01   2.73286495e-02
   6.25745773e-01   4.15588051e-01   4.35695529e-01   3.39779742e-02
   6.27463460e-01   4.84917313e-01   3.60532999e-01   3.41174789e-02
   6.29849970e-01   4.44296062e-01   4.27190185e-01   4.03012447e-02
   6.28769398e-01   3.97427380e-01   2.87813485e-01   4.71857116e-02
   6.27641976e-01   4.03517842e-01   4.91052061e-01]
Squared sum of errors between actual and predicted output: 0.25020385599705003

Actual ouput state iteration 7:
[  6.00000000e-04   0.00000000e+00   1.00000000e-04   0.00000000e+00
   0.00000000e+00   5.83333333e-01   3.63636364e-01   0.00000000e+00
   8.75000000e-01   5.83333333e-01   3.63636364e-01   0.00000000e+00
   1.25000000e-01   5.83333333e-01   3.63636364e-01   0.00000000e+00
   6.25000000e-01   5.83333333e-01   3.63636364e-01   6.94444444e-03
   6.25000000e-01   6.66666667e-01   3.63636364e-01   6.94444444e-03
   8.75000000e-01   5.00000000e-01   3.63636364e-01   6.94444444e-03
   8.75000000e-01   5.00000000e-01   3.63636364e-01   6.94444444e-03
   6.25000000e-01   5.00000000e-01   3.63636364e-01   8.26446281e-03
   6.25000000e-01   5.83333333e-01   4.54545455e-01   8.26446281e-03
   6.25000000e-01   5.83333333e-01   2.72727273e-01   1.52089073e-02
   6.25000000e-01   6.66666667e-01   4.54545455e-01]
Predicted output state:
[  2.55722296e-03   1.28751909e-09   9.99756885e-05   1.32400824e-09
   8.27898694e-10   5.30179262e-01   3.39192986e-01   1.15041043e-09
   8.50250006e-01   5.30179560e-01   3.39192986e-01   1.05972457e-17
   7.59572148e-01   5.04557848e-01   3.87258619e-01   4.83836338e-22
   1.94551528e-01   4.93459493e-01   3.98372382e-01   9.19621681e-22
   8.15510392e-01   4.95899618e-01   3.85461211e-01   9.24931647e-20
   6.52571023e-01   4.88519132e-01   3.83505732e-01   2.05926593e-18
   6.53057039e-01   4.60764378e-01   3.74804080e-01   1.39079346e-18
   6.43640637e-01   4.12074864e-01   4.23977852e-01   5.98295415e-21
   6.42718136e-01   4.71749276e-01   4.43796575e-01   6.41628616e-18
   6.39661133e-01   4.77522016e-01   4.02237236e-01   6.16765800e-18
   6.36155248e-01   4.01787162e-01   3.94164205e-01]
Squared sum of errors between actual and predicted output: 0.17459855356990023

Actual ouput state iteration 8:
[  7.00000000e-04   0.00000000e+00   1.00000000e-04   0.00000000e+00
   0.00000000e+00   5.83333333e-01   4.54545455e-01   0.00000000e+00
   6.25000000e-01   5.83333333e-01   4.54545455e-01   0.00000000e+00
   8.75000000e-01   5.83333333e-01   4.54545455e-01   0.00000000e+00
   1.25000000e-01   5.83333333e-01   4.54545455e-01   6.94444444e-03
   6.25000000e-01   6.66666667e-01   4.54545455e-01   6.94444444e-03
   6.25000000e-01   5.00000000e-01   4.54545455e-01   8.26446281e-03
   6.25000000e-01   5.83333333e-01   3.63636364e-01   8.26446281e-03
   8.75000000e-01   5.83333333e-01   3.63636364e-01   8.26446281e-03
   6.25000000e-01   5.83333333e-01   5.45454545e-01   1.52089073e-02
   6.25000000e-01   6.66666667e-01   3.63636364e-01   1.52089073e-02
   6.25000000e-01   6.66666667e-01   5.45454545e-01]
Predicted output state:
[  1.09587156e-03   2.13489271e-09   9.99507101e-05   2.02406114e-09
   1.55404911e-09   6.42989635e-01   3.95661801e-01   2.19973928e-09
   8.19232106e-01   6.42989755e-01   3.95661950e-01   5.16406726e-03
   1.48984805e-01   5.98602772e-01   4.16162759e-01   7.03981938e-03
   6.57562852e-01   5.91681004e-01   4.05512214e-01   9.96370520e-03
   6.36453629e-01   6.00768983e-01   4.10229862e-01   1.53302345e-02
   7.03238308e-01   5.74459434e-01   4.07118499e-01   1.55402403e-02
   7.53368199e-01   5.54127693e-01   4.30677891e-01   1.79450717e-02
   6.82907999e-01   6.25314951e-01   4.24781531e-01   2.01812908e-02
   6.71492100e-01   5.35368264e-01   4.05135155e-01   2.87724044e-02
   6.57568574e-01   5.31841218e-01   3.88131052e-01   3.17049921e-02
   6.66180849e-01   5.60114145e-01   4.32994753e-01]
Squared sum of errors between actual and predicted output: 0.14595932287630606

Actual ouput state iteration 9:
[  8.00000000e-04   0.00000000e+00   1.00000000e-04   0.00000000e+00
   0.00000000e+00   5.83333333e-01   5.45454545e-01   0.00000000e+00
   6.25000000e-01   5.83333333e-01   5.45454545e-01   0.00000000e+00
   1.25000000e-01   5.83333333e-01   5.45454545e-01   0.00000000e+00
   8.75000000e-01   5.83333333e-01   5.45454545e-01   6.94444444e-03
   6.25000000e-01   6.66666667e-01   5.45454545e-01   6.94444444e-03
   6.25000000e-01   5.00000000e-01   5.45454545e-01   8.26446281e-03
   8.75000000e-01   5.83333333e-01   4.54545455e-01   8.26446281e-03
   6.25000000e-01   5.83333333e-01   4.54545455e-01   8.26446281e-03
   6.25000000e-01   5.83333333e-01   6.36363636e-01   1.52089073e-02
   6.25000000e-01   6.66666667e-01   4.54545455e-01   1.52089073e-02
   6.25000000e-01   6.66666667e-01   6.36363636e-01]
Predicted output state:
[  2.64114165e-03   1.02295039e-09   9.99968543e-05   1.04418918e-09
   6.05865358e-10   7.13323772e-01   4.65485692e-01   8.93713270e-10
   8.43179882e-01   7.13323951e-01   4.65485752e-01   9.69065910e-18
   7.64853179e-01   6.54267192e-01   4.57305491e-01   3.71869889e-22
   1.86755583e-01   6.15014553e-01   4.73473310e-01   6.82373266e-22
   8.15572202e-01   6.20063543e-01   4.48685169e-01   7.17400497e-20
   6.50270522e-01   6.26358211e-01   4.20978218e-01   1.64909622e-18
   6.49864376e-01   5.48513770e-01   4.08524543e-01   1.08384948e-18
   6.44044459e-01   4.79886174e-01   4.92335767e-01   4.35427349e-21
   6.41966701e-01   5.17980933e-01   4.90831107e-01   5.01870992e-18
   6.39082253e-01   6.02668703e-01   4.32716966e-01   4.74337871e-18
   6.36309326e-01   5.16455173e-01   3.91309202e-01]
Squared sum of errors between actual and predicted output: 0.3085194261243901

Actual ouput state iteration 10:
[  9.00000000e-04   0.00000000e+00   1.00000000e-04   0.00000000e+00
   0.00000000e+00   5.00000000e-01   5.45454545e-01   0.00000000e+00
   6.25000000e-01   5.00000000e-01   5.45454545e-01   0.00000000e+00
   8.75000000e-01   5.00000000e-01   5.45454545e-01   0.00000000e+00
   1.25000000e-01   5.00000000e-01   5.45454545e-01   6.94444444e-03
   6.25000000e-01   4.16666667e-01   5.45454545e-01   6.94444444e-03
   6.25000000e-01   5.83333333e-01   5.45454545e-01   6.94444444e-03
   8.75000000e-01   5.83333333e-01   5.45454545e-01   8.26446281e-03
   6.25000000e-01   5.00000000e-01   4.54545455e-01   8.26446281e-03
   6.25000000e-01   5.00000000e-01   6.36363636e-01   1.52089073e-02
   6.25000000e-01   4.16666667e-01   4.54545455e-01   1.52089073e-02
   8.75000000e-01   5.83333333e-01   4.54545455e-01]
Predicted output state:
[  1.11811911e-03   3.05081604e-09   9.99638578e-05   3.00827030e-09
   2.05775574e-09   6.59149051e-01   6.32273018e-01   2.98072944e-09
   8.26837659e-01   6.59149170e-01   6.32273197e-01   2.01121089e-03
   1.57145903e-01   5.88060975e-01   5.99024832e-01   1.92098005e-03
   6.44238830e-01   5.67700088e-01   5.73635101e-01   2.70774565e-03
   6.46255970e-01   5.84923923e-01   5.62208712e-01   4.75109927e-03
   7.01093853e-01   6.01748109e-01   5.41360497e-01   5.18658245e-03
   7.52429247e-01   5.24315596e-01   5.67180514e-01   6.01897296e-03
   6.82022691e-01   5.90276182e-01   5.07526398e-01   5.62440325e-03
   6.70069039e-01   5.02047062e-01   5.06358445e-01   9.83921718e-03
   6.56602085e-01   5.45401752e-01   4.73940849e-01   1.06792692e-02
   6.64622962e-01   6.05550289e-01   5.23937941e-01]
Squared sum of errors between actual and predicted output: 0.24606463324429376

Actual ouput state iteration 11:
[  9.00000000e-04   0.00000000e+00   1.00000000e-04   0.00000000e+00
   0.00000000e+00   5.00000000e-01   5.45454545e-01   0.00000000e+00
   8.75000000e-01   5.00000000e-01   5.45454545e-01   0.00000000e+00
   6.25000000e-01   5.00000000e-01   5.45454545e-01   0.00000000e+00
   1.25000000e-01   5.00000000e-01   5.45454545e-01   0.00000000e+00
   8.75000000e-01   5.00000000e-01   5.45454545e-01   6.94444444e-03
   6.25000000e-01   4.16666667e-01   5.45454545e-01   6.94444444e-03
   6.25000000e-01   5.83333333e-01   5.45454545e-01   6.94444444e-03
   8.75000000e-01   5.83333333e-01   5.45454545e-01   8.26446281e-03
   6.25000000e-01   5.00000000e-01   4.54545455e-01   8.26446281e-03
   6.25000000e-01   5.00000000e-01   6.36363636e-01   1.52089073e-02
   6.25000000e-01   4.16666667e-01   4.54545455e-01]
Predicted output state:
[  2.47716717e-03   1.84045923e-09   9.99785480e-05   1.95807526e-09
   1.12366694e-09   5.61509669e-01   5.48395693e-01   1.58413183e-09
   8.50955427e-01   5.61509728e-01   5.48395753e-01   3.59076424e-17
   7.41074800e-01   4.94307965e-01   5.60144961e-01   2.28617091e-21
   2.07748860e-01   4.72156286e-01   5.54240167e-01   4.24669518e-21
   8.12930644e-01   4.82070714e-01   5.26701450e-01   3.69934867e-19
   6.53373420e-01   5.11834681e-01   5.10569572e-01   7.26353500e-18
   6.58084452e-01   4.31667268e-01   5.08211970e-01   5.10776749e-18
   6.44803643e-01   3.91635776e-01   4.95682597e-01   2.63388863e-20
   6.42842472e-01   4.46191311e-01   5.35441101e-01   2.22513785e-17
   6.39723241e-01   4.84521955e-01   4.81276155e-01   2.13557239e-17
   6.36189699e-01   4.40017581e-01   4.87483829e-01]
Squared sum of errors between actual and predicted output: 0.3152104402589293

Actual ouput state iteration 12:
[  1.00000000e-03   0.00000000e+00   1.00000000e-04   0.00000000e+00
   0.00000000e+00   4.16666667e-01   5.45454545e-01   0.00000000e+00
   6.25000000e-01   4.16666667e-01   5.45454545e-01   0.00000000e+00
   8.75000000e-01   4.16666667e-01   5.45454545e-01   0.00000000e+00
   1.25000000e-01   4.16666667e-01   5.45454545e-01   6.94444444e-03
   8.75000000e-01   5.00000000e-01   5.45454545e-01   6.94444444e-03
   6.25000000e-01   5.00000000e-01   5.45454545e-01   6.94444444e-03
   8.75000000e-01   5.00000000e-01   5.45454545e-01   6.94444444e-03
   6.25000000e-01   3.33333333e-01   5.45454545e-01   8.26446281e-03
   6.25000000e-01   4.16666667e-01   4.54545455e-01   8.26446281e-03
   6.25000000e-01   4.16666667e-01   6.36363636e-01   1.52089073e-02
   6.25000000e-01   5.00000000e-01   4.54545455e-01]
Predicted output state:
[  2.57879868e-03   1.68077008e-09   9.99800759e-05   1.78478721e-09
   1.02282549e-09   5.71856081e-01   5.26229262e-01   1.44363721e-09
   8.51286769e-01   5.71856320e-01   5.26229262e-01   7.88617783e-18
   7.65514553e-01   5.05336702e-01   5.41573107e-01   3.15344332e-22
   1.92313090e-01   4.81905282e-01   5.39012074e-01   5.92718176e-22
   8.18824589e-01   4.90670234e-01   5.11652172e-01   6.23466707e-20
   6.50996804e-01   5.16777158e-01   4.95527118e-01   1.41083191e-18
   6.52824342e-01   4.39001262e-01   4.90850180e-01   9.63782460e-19
   6.43070817e-01   3.92250359e-01   4.91193473e-01   3.87179657e-21
   6.41588867e-01   4.51841444e-01   5.28294504e-01   4.41176242e-18
   6.38951838e-01   4.91478264e-01   4.73818511e-01   4.20891416e-18
   6.34974062e-01   4.36794639e-01   4.73389506e-01]
Squared sum of errors between actual and predicted output: 0.20782440792123666

Actual ouput state iteration 13:
[  1.10000000e-03   0.00000000e+00   1.00000000e-04   0.00000000e+00
   0.00000000e+00   3.33333333e-01   5.45454545e-01   0.00000000e+00
   8.75000000e-01   3.33333333e-01   5.45454545e-01   0.00000000e+00
   1.25000000e-01   3.33333333e-01   5.45454545e-01   0.00000000e+00
   6.25000000e-01   3.33333333e-01   5.45454545e-01   6.94444444e-03
   6.25000000e-01   2.50000000e-01   5.45454545e-01   6.94444444e-03
   6.25000000e-01   4.16666667e-01   5.45454545e-01   6.94444444e-03
   8.75000000e-01   4.16666667e-01   5.45454545e-01   8.26446281e-03
   6.25000000e-01   3.33333333e-01   4.54545455e-01   8.26446281e-03
   6.25000000e-01   3.33333333e-01   6.36363636e-01   1.52089073e-02
   6.25000000e-01   2.50000000e-01   4.54545455e-01   1.52089073e-02
   6.25000000e-01   4.16666667e-01   4.54545455e-01]
Predicted output state:
[  2.54631089e-03   1.84471527e-09   9.99775948e-05   1.97139349e-09
   1.12610421e-09   5.50455451e-01   5.43909073e-01   1.58026603e-09
   8.52267742e-01   5.50455570e-01   5.43909132e-01   1.10013739e-17
   7.59978175e-01   4.82629031e-01   5.60579479e-01   4.93512796e-22
   1.96665004e-01   4.61719990e-01   5.54455340e-01   9.27605509e-22
   8.17914426e-01   4.71362799e-01   5.26516199e-01   9.33264006e-20
   6.51631653e-01   5.01603723e-01   5.11639655e-01   2.03716221e-18
   6.54484570e-01   4.22623992e-01   5.08672297e-01   1.40883127e-18
   6.43350840e-01   3.80652726e-01   4.93737042e-01   6.00309527e-21
   6.41816318e-01   4.41515803e-01   5.36846817e-01   6.36181424e-18
   6.39105141e-01   4.75469857e-01   4.82750118e-01   6.08462768e-18
   6.35067105e-01   4.28062350e-01   4.89554018e-01]
Squared sum of errors between actual and predicted output: 0.22201405276793235

Actual ouput state iteration 14:
[  1.20000000e-03   0.00000000e+00   1.00000000e-04   0.00000000e+00
   0.00000000e+00   3.33333333e-01   6.36363636e-01   0.00000000e+00
   6.25000000e-01   3.33333333e-01   6.36363636e-01   0.00000000e+00
   8.75000000e-01   3.33333333e-01   6.36363636e-01   0.00000000e+00
   1.25000000e-01   3.33333333e-01   6.36363636e-01   6.94444444e-03
   6.25000000e-01   2.50000000e-01   6.36363636e-01   6.94444444e-03
   6.25000000e-01   4.16666667e-01   6.36363636e-01   8.26446281e-03
   8.75000000e-01   3.33333333e-01   5.45454545e-01   8.26446281e-03
   6.25000000e-01   3.33333333e-01   5.45454545e-01   1.52089073e-02
   6.25000000e-01   2.50000000e-01   5.45454545e-01   1.52089073e-02
   8.75000000e-01   4.16666667e-01   5.45454545e-01   1.52089073e-02
   6.25000000e-01   4.16666667e-01   5.45454545e-01]
Predicted output state:
[  1.09853165e-03   5.59615332e-09   9.99434706e-05   5.74298609e-09
   4.03873068e-09   3.56792420e-01   5.99846065e-01   5.44962253e-09
   8.39453399e-01   3.56792361e-01   5.99846303e-01   8.89757299e-04
   1.63211584e-01   3.41715038e-01   6.11165106e-01   7.76759931e-04
   6.46924734e-01   3.58373404e-01   5.70541799e-01   1.15328096e-03
   6.54455602e-01   3.76579016e-01   5.64805567e-01   2.14935024e-03
   7.01714456e-01   4.04289365e-01   5.70759594e-01   2.42623780e-03
   7.53702760e-01   3.68603736e-01   6.02271438e-01   2.93021114e-03
   6.79947793e-01   4.53657448e-01   4.58527386e-01   2.51791393e-03
   6.69582367e-01   4.02617335e-01   5.04772365e-01   4.84441407e-03
   6.56349838e-01   3.63326401e-01   4.82294381e-01   5.31376200e-03
   6.62700057e-01   4.61989433e-01   5.87537408e-01]
Squared sum of errors between actual and predicted output: 0.13778093966744281

Actual ouput state iteration 15:
[  1.30000000e-03   0.00000000e+00   1.00000000e-04   0.00000000e+00
   0.00000000e+00   2.50000000e-01   6.36363636e-01   0.00000000e+00
   1.25000000e-01   2.50000000e-01   6.36363636e-01   0.00000000e+00
   8.75000000e-01   2.50000000e-01   6.36363636e-01   0.00000000e+00
   6.25000000e-01   2.50000000e-01   6.36363636e-01   6.94444444e-03
   8.75000000e-01   3.33333333e-01   6.36363636e-01   6.94444444e-03
   6.25000000e-01   3.33333333e-01   6.36363636e-01   8.26446281e-03
   6.25000000e-01   2.50000000e-01   5.45454545e-01   1.52089073e-02
   6.25000000e-01   3.33333333e-01   5.45454545e-01   1.52089073e-02
   8.75000000e-01   3.33333333e-01   5.45454545e-01   2.77777778e-02
   6.25000000e-01   4.16666667e-01   6.36363636e-01   3.30578512e-02
   6.25000000e-01   2.50000000e-01   4.54545455e-01]
Predicted output state:
[  2.53390591e-03   3.29766170e-09   9.99560580e-05   3.68500164e-09
   2.11403672e-09   3.14394861e-01   5.58131337e-01   2.78333112e-09
   8.62610877e-01   3.14394861e-01   5.58131337e-01   3.18968454e-18
   7.75483966e-01   2.82262504e-01   6.12336814e-01   1.13214629e-22
   1.94140658e-01   2.89346039e-01   5.88518322e-01   2.22601528e-22
   8.25262427e-01   3.00978988e-01   5.62898219e-01   2.52020591e-20
   6.51264787e-01   3.41431886e-01   5.67947388e-01   5.91630231e-19
   6.54677391e-01   2.89850473e-01   5.71440816e-01   4.21310460e-19
   6.40831530e-01   2.73449153e-01   4.69165713e-01   1.53509677e-21
   6.40693009e-01   3.56804043e-01   5.57610154e-01   1.94351048e-18
   6.38511300e-01   3.25863838e-01   5.11114836e-01   1.87473972e-18
   6.32658660e-01   3.12199026e-01   5.66705763e-01]
Squared sum of errors between actual and predicted output: 0.3009120156388793

Actual ouput state iteration 16:
[  1.30000000e-03   0.00000000e+00   1.00000000e-04   0.00000000e+00
   0.00000000e+00   1.66666667e-01   6.36363636e-01   0.00000000e+00
   1.25000000e-01   1.66666667e-01   6.36363636e-01   6.94444444e-03
   8.75000000e-01   2.50000000e-01   6.36363636e-01   6.94444444e-03
   6.25000000e-01   2.50000000e-01   6.36363636e-01   1.52089073e-02
   6.25000000e-01   2.50000000e-01   5.45454545e-01   2.77777778e-02
   6.25000000e-01   3.33333333e-01   6.36363636e-01   2.77777778e-02
   8.75000000e-01   3.33333333e-01   6.36363636e-01   3.60422406e-02
   6.25000000e-01   3.33333333e-01   5.45454545e-01   4.00022957e-02
   6.25000000e-01   2.50000000e-01   4.54545455e-01   6.08356290e-02
   6.25000000e-01   3.33333333e-01   4.54545455e-01   6.25000000e-02
   6.25000000e-01   4.16666667e-01   6.36363636e-01]
Predicted output state:
[  2.58011371e-03   2.21050751e-08   9.99720578e-05   2.78065819e-08
   1.85184792e-08   2.49327034e-01   6.27757013e-01   2.03510648e-08
   1.38731197e-01   2.49327123e-01   6.27757072e-01   1.30618559e-02
   6.45750463e-01   2.78976828e-01   6.09812260e-01   1.84130669e-02
   6.35516107e-01   2.84068882e-01   5.64839661e-01   2.10409611e-02
   6.43608093e-01   3.45386684e-01   5.94351590e-01   3.30448449e-02
   6.27333879e-01   3.26759100e-01   5.72780967e-01   3.78317013e-02
   6.31209314e-01   2.81934679e-01   5.37377596e-01   4.32373099e-02
   6.23372614e-01   3.88310134e-01   5.56602955e-01   4.73969728e-02
   6.23356283e-01   4.40531701e-01   5.19296765e-01   5.57235740e-02
   6.24274731e-01   2.85874158e-01   5.34253478e-01   6.43720552e-02
   6.24240518e-01   2.66426384e-01   5.24986386e-01]
Squared sum of errors between actual and predicted output: 0.23875643500791469

Actual ouput state iteration 17:
[  1.30000000e-03   0.00000000e+00   1.00000000e-04   0.00000000e+00
   0.00000000e+00   1.66666667e-01   5.45454545e-01   0.00000000e+00
   1.25000000e-01   1.66666667e-01   5.45454545e-01   6.94444444e-03
   6.25000000e-01   2.50000000e-01   5.45454545e-01   1.52089073e-02
   6.25000000e-01   2.50000000e-01   4.54545455e-01   1.52089073e-02
   6.25000000e-01   2.50000000e-01   6.36363636e-01   1.52089073e-02
   8.75000000e-01   2.50000000e-01   6.36363636e-01   2.77777778e-02
   6.25000000e-01   3.33333333e-01   5.45454545e-01   3.60422406e-02
   6.25000000e-01   3.33333333e-01   4.54545455e-01   3.60422406e-02
   6.25000000e-01   3.33333333e-01   6.36363636e-01   4.00022957e-02
   6.25000000e-01   2.50000000e-01   3.63636364e-01   6.08356290e-02
   6.25000000e-01   3.33333333e-01   3.63636364e-01]
Predicted output state:
[  2.58154492e-03   7.54193241e-09   9.99828335e-05   9.23345045e-09
   5.52011148e-09   1.99079931e-01   6.55802429e-01   7.63798358e-09
   1.32773250e-01   1.99079916e-01   6.55802488e-01   1.38712768e-02
   6.40999854e-01   2.44107768e-01   6.24396086e-01   1.77231040e-02
   6.30763412e-01   2.54044622e-01   5.94510257e-01   2.12903712e-02
   6.37007594e-01   2.91815460e-01   5.84389329e-01   3.17260213e-02
   6.29867315e-01   3.36657047e-01   5.67821085e-01   3.47512625e-02
   6.27210438e-01   2.94645160e-01   6.16489649e-01   4.43320461e-02
   6.24834359e-01   3.32060933e-01   4.92475629e-01   4.46093753e-02
   6.26725197e-01   3.37398380e-01   5.66410780e-01   5.15126474e-02
   6.26063347e-01   3.05424988e-01   4.37336683e-01   5.84295765e-02
   6.24549210e-01   4.14385259e-01   6.05170310e-01]
Squared sum of errors between actual and predicted output: 0.15656429003413352

Actual ouput state iteration 18:
[  1.30000000e-03   0.00000000e+00   1.00000000e-04   0.00000000e+00
   0.00000000e+00   1.66666667e-01   4.54545455e-01   0.00000000e+00
   1.25000000e-01   1.66666667e-01   4.54545455e-01   6.94444444e-03
   6.25000000e-01   2.50000000e-01   4.54545455e-01   1.52089073e-02
   6.25000000e-01   2.50000000e-01   5.45454545e-01   1.52089073e-02
   6.25000000e-01   2.50000000e-01   3.63636364e-01   2.77777778e-02
   6.25000000e-01   3.33333333e-01   4.54545455e-01   3.60422406e-02
   6.25000000e-01   3.33333333e-01   3.63636364e-01   3.60422406e-02
   6.25000000e-01   3.33333333e-01   5.45454545e-01   4.00022957e-02
   6.25000000e-01   2.50000000e-01   2.72727273e-01   4.00022957e-02
   6.25000000e-01   2.50000000e-01   6.36363636e-01   6.08356290e-02
   6.25000000e-01   3.33333333e-01   6.36363636e-01]
Predicted output state:
[  2.63216207e-03   1.00171018e-08   1.00019839e-04   1.23135164e-08
   7.71286590e-09   1.37784868e-01   5.85181594e-01   1.01269677e-08
   1.32100374e-01   1.37784913e-01   5.85181653e-01   1.89712457e-02
   6.36904299e-01   2.29831979e-01   5.29172599e-01   2.60294247e-02
   6.29420578e-01   2.38442078e-01   5.05650043e-01   3.06239706e-02
   6.35485947e-01   2.90896952e-01   5.25268555e-01   4.49135378e-02
   6.27946973e-01   3.16420853e-01   5.00415266e-01   4.92844582e-02
   6.26485586e-01   2.95053720e-01   5.04399240e-01   6.00350611e-02
   6.23845875e-01   3.24662715e-01   4.97856379e-01   6.34611621e-02
   6.25534952e-01   3.46373290e-01   5.06968558e-01   7.19682798e-02
   6.24816358e-01   2.96262890e-01   4.34622139e-01   8.05222392e-02
   6.24563158e-01   3.97531718e-01   4.86642033e-01]
Squared sum of errors between actual and predicted output: 0.1595400903300621

Actual ouput state iteration 19:
[  1.30000000e-03   0.00000000e+00   1.00000000e-04   0.00000000e+00
   0.00000000e+00   1.66666667e-01   3.63636364e-01   0.00000000e+00
   1.25000000e-01   1.66666667e-01   3.63636364e-01   6.94444444e-03
   6.25000000e-01   2.50000000e-01   3.63636364e-01   1.52089073e-02
   6.25000000e-01   2.50000000e-01   4.54545455e-01   1.52089073e-02
   6.25000000e-01   2.50000000e-01   2.72727273e-01   2.77777778e-02
   6.25000000e-01   3.33333333e-01   3.63636364e-01   3.60422406e-02
   6.25000000e-01   3.33333333e-01   4.54545455e-01   3.60422406e-02
   6.25000000e-01   3.33333333e-01   2.72727273e-01   4.00022957e-02
   6.25000000e-01   2.50000000e-01   5.45454545e-01   6.08356290e-02
   6.25000000e-01   3.33333333e-01   5.45454545e-01   6.25000000e-02
   6.25000000e-01   4.16666667e-01   3.63636364e-01]
Predicted output state:
[  2.62051844e-03   2.51927759e-07   9.99957119e-05   3.02994721e-07
   2.04509575e-07   8.19757879e-02   4.93790686e-01   2.02166504e-07
   1.31141111e-01   8.19757506e-02   4.93790746e-01   2.21342109e-02
   6.38898075e-01   2.34630466e-01   5.18186688e-01   2.88951527e-02
   6.26847029e-01   2.27377206e-01   4.77231741e-01   3.40113528e-02
   6.32727444e-01   2.80547529e-01   4.97280449e-01   4.89310883e-02
   6.27055824e-01   3.07983547e-01   5.82503915e-01   5.43498173e-02
   6.30874217e-01   2.63167560e-01   4.33232218e-01   6.36368543e-02
   6.26522362e-01   2.92986661e-01   4.70450938e-01   6.75387755e-02
   6.23321116e-01   3.61199975e-01   3.97211403e-01   7.79183358e-02
   6.23946905e-01   3.36366206e-01   5.49730897e-01   8.79847184e-02
   6.25375330e-01   3.08924943e-01   6.09171271e-01]
Squared sum of errors between actual and predicted output: 0.12945889596392693

Actual ouput state iteration 20:
[  1.30000000e-03   0.00000000e+00   1.00000000e-04   0.00000000e+00
   0.00000000e+00   1.66666667e-01   2.72727273e-01   0.00000000e+00
   1.25000000e-01   1.66666667e-01   2.72727273e-01   6.94444444e-03
   6.25000000e-01   2.50000000e-01   2.72727273e-01   1.52089073e-02
   6.25000000e-01   2.50000000e-01   3.63636364e-01   2.77777778e-02
   6.25000000e-01   3.33333333e-01   2.72727273e-01   3.60422406e-02
   6.25000000e-01   3.33333333e-01   3.63636364e-01   4.00022957e-02
   6.25000000e-01   2.50000000e-01   4.54545455e-01   6.08356290e-02
   6.25000000e-01   3.33333333e-01   4.54545455e-01   6.25000000e-02
   6.25000000e-01   4.16666667e-01   2.72727273e-01   7.07644628e-02
   6.25000000e-01   4.16666667e-01   3.63636364e-01   8.13246097e-02
   6.25000000e-01   2.50000000e-01   5.45454545e-01]
Predicted output state:
[  2.59382022e-03   5.41060707e-09   9.99639597e-05   6.32554453e-09
   4.42159731e-09   1.37629718e-01   3.41388077e-01   5.94964789e-09
   1.31452754e-01   1.37629747e-01   3.41388077e-01   1.45205203e-02
   6.38162792e-01   2.23636031e-01   3.79280090e-01   1.94579940e-02
   6.27991855e-01   2.40800440e-01   3.65772516e-01   2.38857996e-02
   6.31657541e-01   2.88564742e-01   3.87054235e-01   3.49316485e-02
   6.31065845e-01   2.95872182e-01   3.83225828e-01   3.87664624e-02
   6.25629783e-01   2.94904739e-01   4.22999531e-01   4.83893007e-02
   6.24815047e-01   3.53494853e-01   3.88470471e-01   4.97406796e-02
   6.27815008e-01   3.36685807e-01   4.35402185e-01   5.74805923e-02
   6.26654685e-01   3.02550495e-01   3.24446142e-01   6.53053746e-02
   6.25674367e-01   3.62229437e-01   4.48563129e-01]
Squared sum of errors between actual and predicted output: 0.12458932234635996

Actual ouput state iteration 21:
[  1.40000000e-03   0.00000000e+00   1.00000000e-04   0.00000000e+00
   0.00000000e+00   2.50000000e-01   2.72727273e-01   0.00000000e+00
   6.25000000e-01   2.50000000e-01   2.72727273e-01   0.00000000e+00
   8.75000000e-01   2.50000000e-01   2.72727273e-01   0.00000000e+00
   1.25000000e-01   2.50000000e-01   2.72727273e-01   6.94444444e-03
   6.25000000e-01   3.33333333e-01   2.72727273e-01   8.26446281e-03
   6.25000000e-01   2.50000000e-01   3.63636364e-01   1.52089073e-02
   6.25000000e-01   3.33333333e-01   3.63636364e-01   2.77777778e-02
   6.25000000e-01   4.16666667e-01   2.72727273e-01   3.30578512e-02
   6.25000000e-01   2.50000000e-01   4.54545455e-01   3.60422406e-02
   6.25000000e-01   4.16666667e-01   3.63636364e-01   4.00022957e-02
   6.25000000e-01   3.33333333e-01   4.54545455e-01]
Predicted output state:
[  2.57322402e-03   5.58790880e-09   9.99539552e-05   6.55100774e-09
   5.08412334e-09   2.08023220e-01   2.45425433e-01   6.23715213e-09
   1.35282755e-01   2.08023325e-01   2.45425493e-01   1.03040058e-02
   6.42986536e-01   2.54549801e-01   3.44579965e-01   1.42274741e-02
   6.31370604e-01   2.66151279e-01   3.21888357e-01   1.73341110e-02
   6.36040151e-01   3.26051742e-01   3.64784002e-01   2.66088117e-02
   6.30879343e-01   3.00681233e-01   3.61458689e-01   3.05033326e-02
   6.27866209e-01   3.04231018e-01   3.79096091e-01   3.69529501e-02
   6.24494970e-01   3.87357354e-01   3.86719048e-01   3.85579094e-02
   6.26854300e-01   3.88661832e-01   3.93409163e-01   4.58521917e-02
   6.26195073e-01   2.97855288e-01   3.46657336e-01   5.31013720e-02
   6.25605702e-01   3.26168299e-01   3.87352169e-01]
Squared sum of errors between actual and predicted output: 0.10190349794397627

Actual ouput state iteration 22:
[  1.50000000e-03   0.00000000e+00   1.00000000e-04   0.00000000e+00
   0.00000000e+00   3.33333333e-01   2.72727273e-01   0.00000000e+00
   1.25000000e-01   3.33333333e-01   2.72727273e-01   0.00000000e+00
   8.75000000e-01   3.33333333e-01   2.72727273e-01   0.00000000e+00
   6.25000000e-01   3.33333333e-01   2.72727273e-01   6.94444444e-03
   6.25000000e-01   2.50000000e-01   2.72727273e-01   6.94444444e-03
   8.75000000e-01   2.50000000e-01   2.72727273e-01   6.94444444e-03
   6.25000000e-01   4.16666667e-01   2.72727273e-01   8.26446281e-03
   6.25000000e-01   3.33333333e-01   3.63636364e-01   1.52089073e-02
   6.25000000e-01   2.50000000e-01   3.63636364e-01   1.52089073e-02
   6.25000000e-01   4.16666667e-01   3.63636364e-01   2.77777778e-02
   6.25000000e-01   5.00000000e-01   2.72727273e-01]
Predicted output state:
[  2.35473458e-03   1.87686644e-09   9.99475669e-05   1.94856753e-09
   1.34995448e-09   2.75359184e-01   2.13690177e-01   1.73407044e-09
   8.58546674e-01   2.75359243e-01   2.13690251e-01   5.66689328e-17
   7.26511836e-01   3.03236127e-01   3.11289966e-01   5.22749107e-21
   2.21448734e-01   3.30430061e-01   3.14139992e-01   1.02813792e-20
   8.09119821e-01   3.30084592e-01   3.15657437e-01   8.03984297e-19
   6.57989681e-01   3.09702069e-01   3.44289094e-01   1.48556162e-17
   6.62418604e-01   3.45678270e-01   3.41853738e-01   1.06960583e-17
   6.44892812e-01   3.29208314e-01   3.40550154e-01   6.49889958e-20
   6.45017862e-01   4.07400519e-01   3.86633933e-01   4.67153460e-17
   6.41218364e-01   3.15059125e-01   3.66590202e-01   4.61703928e-17
   6.37250006e-01   2.70883679e-01   4.06401873e-01]
Squared sum of errors between actual and predicted output: 0.21397323660016904

Actual ouput state iteration 23:
[  1.50000000e-03   0.00000000e+00   1.00000000e-04   0.00000000e+00
   0.00000000e+00   3.33333333e-01   1.81818182e-01   0.00000000e+00
   1.25000000e-01   3.33333333e-01   1.81818182e-01   8.26446281e-03
   6.25000000e-01   3.33333333e-01   2.72727273e-01   8.26446281e-03
   8.75000000e-01   3.33333333e-01   2.72727273e-01   1.52089073e-02
   8.75000000e-01   2.50000000e-01   2.72727273e-01   1.52089073e-02
   6.25000000e-01   2.50000000e-01   2.72727273e-01   1.52089073e-02
   6.25000000e-01   4.16666667e-01   2.72727273e-01   3.30578512e-02
   6.25000000e-01   3.33333333e-01   3.63636364e-01   3.60422406e-02
   6.25000000e-01   5.00000000e-01   2.72727273e-01   4.00022957e-02
   6.25000000e-01   2.50000000e-01   3.63636364e-01   4.00022957e-02
   6.25000000e-01   4.16666667e-01   3.63636364e-01]
Predicted output state:
[  2.58732447e-03   4.03376532e-09   1.00032717e-04   4.57272087e-09
   3.84829679e-09   3.22797149e-01   1.65799066e-01   4.59539207e-09
   1.34602860e-01   3.22797298e-01   1.65799022e-01   1.02439011e-02
   6.41108871e-01   3.23377937e-01   2.72040218e-01   1.45001113e-02
   6.31358624e-01   3.59392047e-01   2.62421548e-01   1.77508686e-02
   6.35592639e-01   3.60597134e-01   2.95916617e-01   2.71702148e-02
   6.30622447e-01   3.06488693e-01   3.18183303e-01   3.16029452e-02
   6.26821101e-01   4.30346519e-01   3.31154853e-01   3.80711108e-02
   6.24229550e-01   3.97411913e-01   3.40808928e-01   3.98001745e-02
   6.26917720e-01   4.72949654e-01   3.29521060e-01   4.72783558e-02
   6.25987709e-01   2.50379682e-01   3.45064938e-01   5.45455813e-02
   6.25712752e-01   3.77063811e-01   3.70684355e-01]
Squared sum of errors between actual and predicted output: 0.2731722653892117

Actual ouput state iteration 24:
[  1.50000000e-03   0.00000000e+00   1.00000000e-04   0.00000000e+00
   0.00000000e+00   4.16666667e-01   1.81818182e-01   0.00000000e+00
   1.25000000e-01   4.16666667e-01   1.81818182e-01   8.26446281e-03
   6.25000000e-01   4.16666667e-01   2.72727273e-01   1.52089073e-02
   6.25000000e-01   5.00000000e-01   2.72727273e-01   1.52089073e-02
   8.75000000e-01   3.33333333e-01   2.72727273e-01   1.52089073e-02
   6.25000000e-01   3.33333333e-01   2.72727273e-01   3.30578512e-02
   6.25000000e-01   4.16666667e-01   3.63636364e-01   3.60422406e-02
   6.25000000e-01   5.83333333e-01   2.72727273e-01   3.60422406e-02
   6.25000000e-01   2.50000000e-01   2.72727273e-01   4.00022957e-02
   6.25000000e-01   5.00000000e-01   3.63636364e-01   4.00022957e-02
   6.25000000e-01   3.33333333e-01   3.63636364e-01]
Predicted output state:
[  2.59298133e-03   4.53352866e-09   1.00054465e-04   5.13871923e-09
   4.42751258e-09   3.08232099e-01   1.53371036e-01   5.16466958e-09
   1.35454878e-01   3.08232218e-01   1.53371006e-01   1.06327590e-02
   6.40275776e-01   3.11908156e-01   2.59626746e-01   1.52620897e-02
   6.31940007e-01   3.57115746e-01   2.51045167e-01   1.87067371e-02
   6.36092424e-01   3.44906628e-01   2.84945935e-01   2.85049863e-02
   6.30184054e-01   2.87347496e-01   3.13837707e-01   3.31972577e-02
   6.26766264e-01   4.41461354e-01   3.20719838e-01   3.98798101e-02
   6.23692214e-01   3.82936865e-01   3.31850559e-01   4.18920964e-02
   6.26572251e-01   4.81022120e-01   3.15762997e-01   4.96601090e-02
   6.25673711e-01   2.23642081e-01   3.52460444e-01   5.70742302e-02
   6.25395715e-01   3.69716614e-01   3.68481368e-01]
Squared sum of errors between actual and predicted output: 0.14600131859717913

Actual ouput state iteration 25:
[  1.50000000e-03   0.00000000e+00   1.00000000e-04   0.00000000e+00
   0.00000000e+00   5.00000000e-01   1.81818182e-01   0.00000000e+00
   1.25000000e-01   5.00000000e-01   1.81818182e-01   8.26446281e-03
   6.25000000e-01   5.00000000e-01   2.72727273e-01   1.52089073e-02
   6.25000000e-01   4.16666667e-01   2.72727273e-01   1.52089073e-02
   6.25000000e-01   5.83333333e-01   2.72727273e-01   3.30578512e-02
   6.25000000e-01   5.00000000e-01   3.63636364e-01   3.60422406e-02
   6.25000000e-01   6.66666667e-01   2.72727273e-01   3.60422406e-02
   6.25000000e-01   3.33333333e-01   2.72727273e-01   4.00022957e-02
   6.25000000e-01   4.16666667e-01   3.63636364e-01   4.00022957e-02
   6.25000000e-01   5.83333333e-01   3.63636364e-01   6.08356290e-02
   6.25000000e-01   6.66666667e-01   3.63636364e-01]
Predicted output state:
[  2.62503652e-03   2.24304819e-09   1.00096164e-04   2.46593235e-09
   2.04711958e-09   4.68101382e-01   1.51735112e-01   2.63665778e-09
   1.28985286e-01   4.68101442e-01   1.51735097e-01   1.30631225e-02
   6.36788666e-01   4.36392993e-01   2.42601648e-01   1.83741096e-02
   6.27564013e-01   4.75947082e-01   2.46955499e-01   2.22888812e-02
   6.31436467e-01   4.33717251e-01   2.66371518e-01   3.33043858e-02
   6.30389690e-01   3.76297116e-01   2.93110192e-01   3.84142064e-02
   6.24353409e-01   5.62724471e-01   3.13401252e-01   4.64602076e-02
   6.25111938e-01   4.25946265e-01   3.27853113e-01   4.84165885e-02
   6.27683282e-01   5.26225626e-01   3.11322689e-01   5.62380143e-02
   6.26156986e-01   2.80339181e-01   3.28845173e-01   6.40149564e-02
   6.26435876e-01   5.03997684e-01   3.60899776e-01]
Squared sum of errors between actual and predicted output: 0.2911375873385689

Actual ouput state iteration 26:
[  1.50000000e-03   0.00000000e+00   1.00000000e-04   0.00000000e+00
   0.00000000e+00   5.83333333e-01   1.81818182e-01   0.00000000e+00
   1.25000000e-01   5.83333333e-01   1.81818182e-01   8.26446281e-03
   6.25000000e-01   5.83333333e-01   2.72727273e-01   1.52089073e-02
   6.25000000e-01   6.66666667e-01   2.72727273e-01   1.52089073e-02
   6.25000000e-01   5.00000000e-01   2.72727273e-01   3.30578512e-02
   6.25000000e-01   5.83333333e-01   3.63636364e-01   3.60422406e-02
   6.25000000e-01   4.16666667e-01   2.72727273e-01   4.00022957e-02
   6.25000000e-01   6.66666667e-01   3.63636364e-01   4.00022957e-02
   6.25000000e-01   5.00000000e-01   3.63636364e-01   6.08356290e-02
   6.25000000e-01   4.16666667e-01   3.63636364e-01   7.07644628e-02
   6.25000000e-01   3.33333333e-01   2.72727273e-01]
Predicted output state:
[  2.67374841e-03   1.27094490e-09   1.00119745e-04   1.36997413e-09
   1.10302034e-09   5.67358315e-01   1.43675506e-01   1.58708346e-09
   1.22346990e-01   5.67358553e-01   1.43675476e-01   1.89274028e-02
   6.31619513e-01   5.33681750e-01   2.25692272e-01   2.61007082e-02
   6.22272789e-01   5.51549554e-01   2.39650309e-01   3.11705600e-02
   6.25851214e-01   5.10949492e-01   2.53797323e-01   4.49426733e-02
   6.29983604e-01   4.72795874e-01   2.68059909e-01   5.06641567e-02
   6.21703923e-01   6.33596539e-01   2.98922390e-01   6.16825968e-02
   6.26267314e-01   4.61393684e-01   3.29880387e-01   6.41446337e-02
   6.28494442e-01   5.30119240e-01   3.15063417e-01   7.22528473e-02
   6.26407504e-01   3.70040238e-01   2.98091263e-01   8.07296187e-02
   6.27187550e-01   6.35009527e-01   3.27506930e-01]
Squared sum of errors between actual and predicted output: 0.14250012924387528

Actual ouput state iteration 27:
[  1.60000000e-03   0.00000000e+00   1.00000000e-04   0.00000000e+00
   0.00000000e+00   5.83333333e-01   2.72727273e-01   0.00000000e+00
   8.75000000e-01   5.83333333e-01   2.72727273e-01   0.00000000e+00
   1.25000000e-01   5.83333333e-01   2.72727273e-01   0.00000000e+00
   6.25000000e-01   5.83333333e-01   2.72727273e-01   6.94444444e-03
   6.25000000e-01   6.66666667e-01   2.72727273e-01   6.94444444e-03
   6.25000000e-01   5.00000000e-01   2.72727273e-01   8.26446281e-03
   6.25000000e-01   5.83333333e-01   3.63636364e-01   1.52089073e-02
   6.25000000e-01   6.66666667e-01   3.63636364e-01   1.52089073e-02
   6.25000000e-01   5.00000000e-01   3.63636364e-01   2.77777778e-02
   6.25000000e-01   4.16666667e-01   2.72727273e-01   3.30578512e-02
   6.25000000e-01   5.83333333e-01   4.54545455e-01]
Predicted output state:
[  2.61115329e-03   1.14552112e-09   1.00005149e-04   1.22312094e-09
   9.02106778e-10   5.97270429e-01   2.11286664e-01   1.35429246e-09
   1.21407561e-01   5.97270668e-01   2.11286545e-01   1.53215695e-02
   6.36731148e-01   5.51557183e-01   2.83365518e-01   1.98573414e-02
   6.21567309e-01   5.60066819e-01   2.97285318e-01   2.39350218e-02
   6.24533236e-01   5.40300429e-01   2.91044176e-01   3.49923000e-02
   6.32839978e-01   5.07395446e-01   2.99316347e-01   3.95309776e-02
   6.22657895e-01   5.75334072e-01   3.66752326e-01   4.84634042e-02
   6.28043711e-01   5.26313543e-01   3.43756169e-01   4.94501218e-02
   6.30153656e-01   5.16052365e-01   3.77322614e-01   5.65604493e-02
   6.28440440e-01   4.45191413e-01   2.69666135e-01   6.47801086e-02
   6.28403544e-01   5.50414979e-01   4.22394931e-01]
Squared sum of errors between actual and predicted output: 0.16147060096215665

Actual ouput state iteration 28:
[  1.70000000e-03   0.00000000e+00   1.00000000e-04   0.00000000e+00
   0.00000000e+00   6.66666667e-01   2.72727273e-01   0.00000000e+00
   8.75000000e-01   6.66666667e-01   2.72727273e-01   0.00000000e+00
   1.25000000e-01   6.66666667e-01   2.72727273e-01   0.00000000e+00
   6.25000000e-01   6.66666667e-01   2.72727273e-01   6.94444444e-03
   6.25000000e-01   5.83333333e-01   2.72727273e-01   6.94444444e-03
   8.75000000e-01   5.83333333e-01   2.72727273e-01   8.26446281e-03
   6.25000000e-01   6.66666667e-01   3.63636364e-01   1.52089073e-02
   6.25000000e-01   5.83333333e-01   3.63636364e-01   2.77777778e-02
   6.25000000e-01   5.00000000e-01   2.72727273e-01   3.30578512e-02
   6.25000000e-01   6.66666667e-01   4.54545455e-01   3.60422406e-02
   6.25000000e-01   5.00000000e-01   3.63636364e-01]
Predicted output state:
[  1.16521807e-03   1.67506686e-09   9.99543408e-05   1.55088065e-09
   1.26093158e-09   5.54499209e-01   2.42987648e-01   1.76599013e-09
   8.27008307e-01   5.54499388e-01   2.42987752e-01   3.40389437e-04
   1.75798506e-01   5.71132720e-01   2.79300362e-01   2.07131641e-04
   6.17152810e-01   5.77727556e-01   2.83942789e-01   3.06337402e-04
   6.50423467e-01   5.81163704e-01   2.97381461e-01   6.57179044e-04
   7.00840831e-01   5.30514657e-01   3.05774540e-01   8.62254819e-04
   7.46405423e-01   5.58874607e-01   3.19724292e-01   9.43643972e-04
   6.80445850e-01   6.13788903e-01   3.62388253e-01   6.85425708e-04
   6.70456171e-01   5.34789503e-01   3.34894896e-01   1.69146166e-03
   6.56883836e-01   5.07439494e-01   3.24026287e-01   1.84805307e-03
   6.64927542e-01   5.15373051e-01   3.55919570e-01]
Squared sum of errors between actual and predicted output: 0.08234200373559342

Actual ouput state iteration 29:
[  1.70000000e-03   0.00000000e+00   1.00000000e-04   0.00000000e+00
   0.00000000e+00   7.50000000e-01   2.72727273e-01   0.00000000e+00
   1.25000000e-01   7.50000000e-01   2.72727273e-01   6.94444444e-03
   6.25000000e-01   6.66666667e-01   2.72727273e-01   6.94444444e-03
   8.75000000e-01   6.66666667e-01   2.72727273e-01   1.52089073e-02
   6.25000000e-01   6.66666667e-01   3.63636364e-01   2.77777778e-02
   6.25000000e-01   5.83333333e-01   2.72727273e-01   2.77777778e-02
   8.75000000e-01   5.83333333e-01   2.72727273e-01   3.60422406e-02
   6.25000000e-01   5.83333333e-01   3.63636364e-01   4.00022957e-02
   6.25000000e-01   6.66666667e-01   4.54545455e-01   6.08356290e-02
   6.25000000e-01   5.83333333e-01   4.54545455e-01   6.25000000e-02
   6.25000000e-01   5.00000000e-01   2.72727273e-01]
Predicted output state:
[  1.22698955e-03   1.36172362e-09   9.99623371e-05   1.25052491e-09
   1.00107178e-09   6.30219638e-01   2.43433014e-01   1.42744161e-09
   8.24884474e-01   6.30219936e-01   2.43433148e-01   7.15859278e-05
   1.97331280e-01   6.31536424e-01   2.69893050e-01   2.57438405e-05
   5.89667022e-01   6.28720880e-01   2.80388772e-01   3.81700629e-05
   6.59196794e-01   6.29851520e-01   2.91678339e-01   1.00444966e-04
   6.97951019e-01   5.78541100e-01   2.93320000e-01   1.53835135e-04
   7.40923107e-01   5.98366022e-01   3.05740267e-01   1.62005628e-04
   6.78893328e-01   6.37220919e-01   3.71801317e-01   8.93899851e-05
   6.69058979e-01   5.58725774e-01   3.36227745e-01   3.06165428e-04
   6.55996859e-01   5.53430915e-01   3.18756998e-01   3.30529700e-04
   6.63806915e-01   5.47634363e-01   3.36812824e-01]
Squared sum of errors between actual and predicted output: 0.12856158304643991

Actual ouput state iteration 30:
[  1.70000000e-03   0.00000000e+00   1.00000000e-04   0.00000000e+00
   0.00000000e+00   7.50000000e-01   3.63636364e-01   0.00000000e+00
   1.25000000e-01   7.50000000e-01   3.63636364e-01   6.94444444e-03
   6.25000000e-01   6.66666667e-01   3.63636364e-01   1.52089073e-02
   6.25000000e-01   6.66666667e-01   4.54545455e-01   1.52089073e-02
   8.75000000e-01   6.66666667e-01   2.72727273e-01   1.52089073e-02
   6.25000000e-01   6.66666667e-01   2.72727273e-01   2.77777778e-02
   6.25000000e-01   5.83333333e-01   3.63636364e-01   3.60422406e-02
   6.25000000e-01   5.83333333e-01   4.54545455e-01   3.60422406e-02
   6.25000000e-01   5.83333333e-01   2.72727273e-01   4.00022957e-02
   6.25000000e-01   6.66666667e-01   5.45454545e-01   6.08356290e-02
   6.25000000e-01   5.83333333e-01   5.45454545e-01]
Predicted output state:
[  2.67133117e-03   1.94337102e-09   9.99991389e-05   2.12158646e-09
   1.65546332e-09   7.78317094e-01   2.72431105e-01   2.13407447e-09
   1.22788832e-01   7.78317273e-01   2.72431046e-01   2.35732850e-02
   6.35182261e-01   6.63841009e-01   3.22303653e-01   3.29462588e-02
   6.23033643e-01   6.30158365e-01   3.29136699e-01   3.72706167e-02
   6.28364980e-01   6.65648639e-01   3.62080723e-01   5.45857660e-02
   6.28204584e-01   6.06222689e-01   3.16671401e-01   6.14902712e-02
   6.24400377e-01   5.90661526e-01   3.43011051e-01   6.97338581e-02
   6.26945853e-01   6.07961714e-01   4.52750027e-01   7.67832249e-02
   6.26615226e-01   5.95379591e-01   4.03590679e-01   8.60473439e-02
   6.26253426e-01   5.44112802e-01   3.42187524e-01   9.68269631e-02
   6.27446771e-01   5.51819384e-01   3.17821473e-01]
Squared sum of errors between actual and predicted output: 0.18517262632611298

Actual ouput state iteration 31:
[  1.70000000e-03   0.00000000e+00   1.00000000e-04   0.00000000e+00
   0.00000000e+00   7.50000000e-01   4.54545455e-01   0.00000000e+00
   1.25000000e-01   7.50000000e-01   4.54545455e-01   6.94444444e-03
   6.25000000e-01   6.66666667e-01   4.54545455e-01   1.52089073e-02
   6.25000000e-01   6.66666667e-01   3.63636364e-01   1.52089073e-02
   6.25000000e-01   6.66666667e-01   5.45454545e-01   2.77777778e-02
   6.25000000e-01   5.83333333e-01   4.54545455e-01   3.60422406e-02
   6.25000000e-01   5.83333333e-01   5.45454545e-01   3.60422406e-02
   6.25000000e-01   5.83333333e-01   3.63636364e-01   4.00022957e-02
   6.25000000e-01   6.66666667e-01   6.36363636e-01   4.00022957e-02
   6.25000000e-01   6.66666667e-01   2.72727273e-01   6.08356290e-02
   6.25000000e-01   5.83333333e-01   2.72727273e-01]
Predicted output state:
[  2.65463209e-03   1.80852111e-09   1.00002188e-04   1.98602934e-09
   1.42751788e-09   7.72621930e-01   3.48697513e-01   1.95620875e-09
   1.20899066e-01   7.72622049e-01   3.48697513e-01   2.04604734e-02
   6.37127042e-01   6.79701924e-01   3.77605349e-01   2.77512483e-02
   6.22177482e-01   6.44872487e-01   3.80848736e-01   3.12906764e-02
   6.27880096e-01   6.71859503e-01   3.96816403e-01   4.65983227e-02
   6.29362583e-01   6.25520706e-01   3.59014213e-01   5.28769009e-02
   6.24444783e-01   5.98900199e-01   3.84095430e-01   6.02568313e-02
   6.27836883e-01   6.09773517e-01   4.73128617e-01   6.54151216e-02
   6.27374232e-01   5.92118740e-01   4.25507069e-01   7.37818629e-02
   6.26683235e-01   5.59500575e-01   3.59577626e-01   8.40199664e-02
   6.28209651e-01   5.69239199e-01   3.63620609e-01]
Squared sum of errors between actual and predicted output: 0.20335451821101208

Actual ouput state iteration 32:
[  1.80000000e-03   0.00000000e+00   1.00000000e-04   0.00000000e+00
   0.00000000e+00   6.66666667e-01   4.54545455e-01   0.00000000e+00
   8.75000000e-01   6.66666667e-01   4.54545455e-01   0.00000000e+00
   1.25000000e-01   6.66666667e-01   4.54545455e-01   0.00000000e+00
   6.25000000e-01   6.66666667e-01   4.54545455e-01   6.94444444e-03
   6.25000000e-01   5.83333333e-01   4.54545455e-01   8.26446281e-03
   6.25000000e-01   6.66666667e-01   3.63636364e-01   8.26446281e-03
   6.25000000e-01   6.66666667e-01   5.45454545e-01   1.52089073e-02
   6.25000000e-01   5.83333333e-01   5.45454545e-01   1.52089073e-02
   6.25000000e-01   5.83333333e-01   3.63636364e-01   2.77777778e-02
   6.25000000e-01   5.00000000e-01   4.54545455e-01   3.30578512e-02
   6.25000000e-01   6.66666667e-01   6.36363636e-01]
Predicted output state:
[  2.63358955e-03   1.66161940e-09   9.99863696e-05   1.83070870e-09
   1.24146793e-09   7.68373609e-01   4.11933869e-01   1.79060766e-09
   1.20169915e-01   7.68373728e-01   4.11933810e-01   1.84325986e-02
   6.38606846e-01   6.74851179e-01   4.31287348e-01   2.40982324e-02
   6.21911228e-01   6.40333354e-01   4.31864202e-01   2.73547806e-02
   6.27621412e-01   6.62241817e-01   4.30211097e-01   4.09233309e-02
   6.30457878e-01   6.32245839e-01   3.96228999e-01   4.63043340e-02
   6.24480069e-01   5.87205887e-01   4.38434154e-01   5.38127497e-02
   6.28469825e-01   6.05404377e-01   4.78122234e-01   5.71700670e-02
   6.28146052e-01   5.72930455e-01   4.58953440e-01   6.47691265e-02
   6.27322674e-01   5.68642735e-01   3.60437214e-01   7.42464140e-02
   6.28458798e-01   5.75542986e-01   4.24172729e-01]
Squared sum of errors between actual and predicted output: 0.13731398469114564

Actual ouput state iteration 33:
[  1.80000000e-03   0.00000000e+00   1.00000000e-04   0.00000000e+00
   0.00000000e+00   7.50000000e-01   4.54545455e-01   0.00000000e+00
   1.25000000e-01   7.50000000e-01   4.54545455e-01   6.94444444e-03
   8.75000000e-01   6.66666667e-01   4.54545455e-01   6.94444444e-03
   6.25000000e-01   6.66666667e-01   4.54545455e-01   1.52089073e-02
   6.25000000e-01   6.66666667e-01   3.63636364e-01   1.52089073e-02
   6.25000000e-01   6.66666667e-01   5.45454545e-01   2.77777778e-02
   6.25000000e-01   5.83333333e-01   4.54545455e-01   3.60422406e-02
   6.25000000e-01   5.83333333e-01   3.63636364e-01   3.60422406e-02
   6.25000000e-01   5.83333333e-01   5.45454545e-01   4.00022957e-02
   6.25000000e-01   6.66666667e-01   6.36363636e-01   4.00022957e-02
   6.25000000e-01   6.66666667e-01   2.72727273e-01]
Predicted output state:
[  1.12304871e-03   2.17117346e-09   9.99627155e-05   2.07693107e-09
   1.49775048e-09   7.05171466e-01   5.10050476e-01   2.17896035e-09
   8.23763549e-01   7.05171585e-01   5.10050654e-01   2.07973132e-03
   1.56620428e-01   6.44316971e-01   4.94010001e-01   2.00881786e-03
   6.41629815e-01   6.24164939e-01   4.80578333e-01   2.82929372e-03
   6.43181503e-01   6.35494947e-01   4.76228952e-01   4.95564518e-03
   7.01612711e-01   6.27432227e-01   4.59159642e-01   5.47380745e-03
   7.51574457e-01   5.74458480e-01   4.81874377e-01   6.21904060e-03
   6.82567954e-01   6.33967340e-01   4.72128898e-01   5.87773230e-03
   6.70697510e-01   5.40379465e-01   4.50812250e-01   1.03005581e-02
   6.57034099e-01   5.77763081e-01   4.24058974e-01   1.12158833e-02
   6.65578842e-01   6.10500693e-01   4.58065689e-01]
Squared sum of errors between actual and predicted output: 0.13456700788956621

Actual ouput state iteration 34:
[  1.80000000e-03   0.00000000e+00   1.00000000e-04   0.00000000e+00
   0.00000000e+00   7.50000000e-01   4.54545455e-01   0.00000000e+00
   1.25000000e-01   7.50000000e-01   4.54545455e-01   6.94444444e-03
   8.75000000e-01   6.66666667e-01   4.54545455e-01   6.94444444e-03
   6.25000000e-01   6.66666667e-01   4.54545455e-01   1.52089073e-02
   6.25000000e-01   6.66666667e-01   3.63636364e-01   1.52089073e-02
   6.25000000e-01   6.66666667e-01   5.45454545e-01   2.77777778e-02
   6.25000000e-01   5.83333333e-01   4.54545455e-01   3.60422406e-02
   6.25000000e-01   5.83333333e-01   3.63636364e-01   3.60422406e-02
   6.25000000e-01   5.83333333e-01   5.45454545e-01   4.00022957e-02
   6.25000000e-01   6.66666667e-01   6.36363636e-01   4.00022957e-02
   6.25000000e-01   6.66666667e-01   2.72727273e-01]
Predicted output state:
[  2.64019845e-03   1.94610483e-09   9.99981858e-05   2.16937690e-09
   1.44656442e-09   7.67962217e-01   4.61799294e-01   2.06186135e-09
   1.20633297e-01   7.67962337e-01   4.61799294e-01   1.89827643e-02
   6.38600230e-01   6.72998071e-01   4.66771185e-01   2.49344502e-02
   6.22526765e-01   6.35663867e-01   4.62898731e-01   2.80794874e-02
   6.28838181e-01   6.60272121e-01   4.62340146e-01   4.21290807e-02
   6.29763663e-01   6.34302258e-01   4.23923999e-01   4.76228707e-02
   6.24825478e-01   5.83766103e-01   4.57438916e-01   5.51197007e-02
   6.28182650e-01   5.96820474e-01   5.02099097e-01   5.88197820e-02
   6.27581179e-01   5.73393464e-01   4.73032981e-01   6.65223598e-02
   6.26858115e-01   5.63934803e-01   3.88006449e-01   7.60607347e-02
   6.28152430e-01   5.82294881e-01   4.29989517e-01]
Squared sum of errors between actual and predicted output: 0.21698010574126175

Actual ouput state iteration 35:
[  1.80000000e-03   0.00000000e+00   1.00000000e-04   0.00000000e+00
   0.00000000e+00   7.50000000e-01   5.45454545e-01   0.00000000e+00
   1.25000000e-01   7.50000000e-01   5.45454545e-01   6.94444444e-03
   6.25000000e-01   6.66666667e-01   5.45454545e-01   1.52089073e-02
   6.25000000e-01   6.66666667e-01   4.54545455e-01   1.52089073e-02
   6.25000000e-01   6.66666667e-01   6.36363636e-01   2.77777778e-02
   6.25000000e-01   5.83333333e-01   5.45454545e-01   3.60422406e-02
   6.25000000e-01   5.83333333e-01   4.54545455e-01   3.60422406e-02
   6.25000000e-01   5.83333333e-01   6.36363636e-01   4.00022957e-02
   6.25000000e-01   6.66666667e-01   3.63636364e-01   6.08356290e-02
   6.25000000e-01   5.83333333e-01   3.63636364e-01   6.25000000e-02
   6.25000000e-01   5.00000000e-01   5.45454545e-01]
Predicted output state:
[  2.63980799e-03   1.93540695e-09   9.99976182e-05   2.15686335e-09
   1.43777856e-09   7.68081129e-01   4.61419165e-01   2.05137596e-09
   1.20610207e-01   7.68081248e-01   4.61419165e-01   1.89552382e-02
   6.38612449e-01   6.73049033e-01   4.66618299e-01   2.48827618e-02
   6.22505605e-01   6.35777712e-01   4.62840170e-01   2.80293114e-02
   6.28801584e-01   6.60249472e-01   4.62008148e-01   4.20499481e-02
   6.29793167e-01   6.34422362e-01   4.23713803e-01   4.75298539e-02
   6.24815047e-01   5.83742857e-01   4.57748383e-01   5.50340451e-02
   6.28197968e-01   5.97011387e-01   5.01559734e-01   5.87046891e-02
   6.27605140e-01   5.73127270e-01   4.73195761e-01   6.63958266e-02
   6.26878440e-01   5.64257920e-01   3.87271971e-01   7.59240612e-02
   6.28161848e-01   5.82318604e-01   4.30684000e-01]
Squared sum of errors between actual and predicted output: 0.2172569948615526

Actual ouput state iteration 36:
[  1.80000000e-03   0.00000000e+00   1.00000000e-04   0.00000000e+00
   0.00000000e+00   7.50000000e-01   6.36363636e-01   0.00000000e+00
   1.25000000e-01   7.50000000e-01   6.36363636e-01   6.94444444e-03
   6.25000000e-01   6.66666667e-01   6.36363636e-01   1.52089073e-02
   6.25000000e-01   6.66666667e-01   5.45454545e-01   2.77777778e-02
   6.25000000e-01   5.83333333e-01   6.36363636e-01   3.60422406e-02
   6.25000000e-01   5.83333333e-01   5.45454545e-01   4.00022957e-02
   6.25000000e-01   6.66666667e-01   4.54545455e-01   6.08356290e-02
   6.25000000e-01   5.83333333e-01   4.54545455e-01   6.25000000e-02
   6.25000000e-01   5.00000000e-01   6.36363636e-01   7.07644628e-02
   6.25000000e-01   5.00000000e-01   5.45454545e-01   8.13246097e-02
   6.25000000e-01   6.66666667e-01   3.63636364e-01]
Predicted output state:
[  2.64962227e-03   2.22754615e-09   1.00009827e-04   2.50627052e-09
   1.64672742e-09   7.77458072e-01   5.11068821e-01   2.32020803e-09
   1.20797954e-01   7.77458072e-01   5.11068821e-01   2.01193802e-02
   6.38293207e-01   6.79580808e-01   5.00110924e-01   2.65625827e-02
   6.22888565e-01   6.38805151e-01   4.92680699e-01   2.96341851e-02
   6.29771411e-01   6.65660381e-01   4.93321002e-01   4.44769859e-02
   6.28997803e-01   6.43056214e-01   4.49210584e-01   5.01787849e-02
   6.25056386e-01   5.86254656e-01   4.74454939e-01   5.77544160e-02
   6.27942741e-01   5.93929768e-01   5.26687443e-01   6.19992465e-02
   6.27015591e-01   5.77953577e-01   4.87076283e-01   6.98632523e-02
   6.26405597e-01   5.66000402e-01   4.14535701e-01   7.95843750e-02
   6.27884626e-01   5.93243718e-01   4.33023930e-01]
Squared sum of errors between actual and predicted output: 0.10407691953951097

Actual ouput state iteration 37:
[  1.90000000e-03   0.00000000e+00   1.00000000e-04   0.00000000e+00
   0.00000000e+00   6.66666667e-01   6.36363636e-01   0.00000000e+00
   1.25000000e-01   6.66666667e-01   6.36363636e-01   0.00000000e+00
   8.75000000e-01   6.66666667e-01   6.36363636e-01   0.00000000e+00
   6.25000000e-01   6.66666667e-01   6.36363636e-01   6.94444444e-03
   6.25000000e-01   5.83333333e-01   6.36363636e-01   8.26446281e-03
   6.25000000e-01   6.66666667e-01   5.45454545e-01   1.52089073e-02
   6.25000000e-01   5.83333333e-01   5.45454545e-01   2.77777778e-02
   6.25000000e-01   5.00000000e-01   6.36363636e-01   3.30578512e-02
   6.25000000e-01   6.66666667e-01   4.54545455e-01   3.60422406e-02
   6.25000000e-01   5.00000000e-01   5.45454545e-01   4.00022957e-02
   6.25000000e-01   5.83333333e-01   4.54545455e-01]
Predicted output state:
[  2.64515518e-03   2.32087194e-09   1.00005062e-04   2.64116773e-09
   1.63293434e-09   7.92338789e-01   6.17754757e-01   2.37981035e-09
   1.20352007e-01   7.92338789e-01   6.17754757e-01   2.06537899e-02
   6.38587296e-01   6.82453632e-01   5.84483922e-01   2.64809467e-02
   6.22947454e-01   6.37167096e-01   5.72359443e-01   2.94616651e-02
   6.30368829e-01   6.63324535e-01   5.58698237e-01   4.40693833e-02
   6.28931701e-01   6.61633134e-01   5.09151518e-01   4.91847917e-02
   6.25157535e-01   5.77522576e-01   5.47332108e-01   5.75621910e-02
   6.28175437e-01   5.86881995e-01   5.55033445e-01   6.09129220e-02
   6.27048910e-01   5.61451614e-01   5.38541913e-01   6.83743283e-02
   6.26502156e-01   5.81449389e-01   4.38715726e-01   7.76844621e-02
   6.27613902e-01   6.17929280e-01   4.93481666e-01]
Squared sum of errors between actual and predicted output: 0.10674361371213165

Actual ouput state iteration 38:
[  2.00000000e-03   0.00000000e+00   1.00000000e-04   0.00000000e+00
   0.00000000e+00   5.83333333e-01   6.36363636e-01   0.00000000e+00
   6.25000000e-01   5.83333333e-01   6.36363636e-01   0.00000000e+00
   8.75000000e-01   5.83333333e-01   6.36363636e-01   0.00000000e+00
   1.25000000e-01   5.83333333e-01   6.36363636e-01   6.94444444e-03
   8.75000000e-01   6.66666667e-01   6.36363636e-01   6.94444444e-03
   6.25000000e-01   6.66666667e-01   6.36363636e-01   6.94444444e-03
   6.25000000e-01   5.00000000e-01   6.36363636e-01   8.26446281e-03
   6.25000000e-01   5.83333333e-01   5.45454545e-01   1.52089073e-02
   6.25000000e-01   6.66666667e-01   5.45454545e-01   1.52089073e-02
   6.25000000e-01   5.00000000e-01   5.45454545e-01   2.77777778e-02
   6.25000000e-01   4.16666667e-01   6.36363636e-01]
Predicted output state:
[  2.65038339e-03   4.03281897e-09   1.00023746e-04   4.72569228e-09
   2.95102498e-09   7.38304853e-01   6.69410586e-01   3.97648758e-09
   1.24119066e-01   7.38304913e-01   6.69410706e-01   2.02463176e-02
   6.39280736e-01   6.25035703e-01   6.26345873e-01   2.67429203e-02
   6.26073241e-01   5.80347478e-01   6.02757215e-01   2.95461379e-02
   6.34520471e-01   6.18863583e-01   6.03242815e-01   4.46806476e-02
   6.27326548e-01   6.15636826e-01   5.50978303e-01   5.00489362e-02
   6.26575112e-01   5.33535242e-01   5.62358379e-01   5.79394102e-02
   6.26791537e-01   5.45286357e-01   5.87311566e-01   6.21945076e-02
   6.25434458e-01   5.50318599e-01   5.47062993e-01   7.01479912e-02
   6.25261843e-01   5.23887813e-01   4.97530073e-01   7.94232190e-02
   6.26496792e-01   5.80140829e-01   4.87044781e-01]
Squared sum of errors between actual and predicted output: 0.12543088921424525

Actual ouput state iteration 39:
[  2.00000000e-03   0.00000000e+00   1.00000000e-04   0.00000000e+00
   0.00000000e+00   5.83333333e-01   7.27272727e-01   0.00000000e+00
   1.25000000e-01   5.83333333e-01   7.27272727e-01   8.26446281e-03
   6.25000000e-01   5.83333333e-01   6.36363636e-01   8.26446281e-03
   8.75000000e-01   5.83333333e-01   6.36363636e-01   1.52089073e-02
   8.75000000e-01   6.66666667e-01   6.36363636e-01   1.52089073e-02
   6.25000000e-01   6.66666667e-01   6.36363636e-01   1.52089073e-02
   6.25000000e-01   5.00000000e-01   6.36363636e-01   3.30578512e-02
   6.25000000e-01   5.83333333e-01   5.45454545e-01   3.60422406e-02
   6.25000000e-01   4.16666667e-01   6.36363636e-01   4.00022957e-02
   6.25000000e-01   6.66666667e-01   5.45454545e-01   4.00022957e-02
   6.25000000e-01   5.00000000e-01   5.45454545e-01]
Predicted output state:
[  2.69107940e-03   1.43015322e-09   9.99970434e-05   1.51278889e-09
   8.19441903e-10   6.89881742e-01   6.13371551e-01   1.20503130e-09
   8.46601129e-01   6.89881802e-01   6.13371551e-01   3.72307831e-18
   7.79740572e-01   6.09504342e-01   5.84530950e-01   1.06160344e-22
   1.80061564e-01   5.65060377e-01   5.86464763e-01   1.95642717e-22
   8.21584582e-01   5.77218711e-01   5.52805662e-01   2.31524816e-20
   6.48116112e-01   6.11805022e-01   5.17548025e-01   5.71913813e-19
   6.48061931e-01   4.98547375e-01   5.07391274e-01   3.78046562e-19
   6.42444015e-01   4.34606165e-01   5.39998770e-01   1.28939131e-21
   6.40383601e-01   4.82135892e-01   5.59216797e-01   1.77613979e-18
   6.38092279e-01   5.80448508e-01   4.94301111e-01   1.66738994e-18
   6.34442568e-01   5.15036821e-01   4.62957412e-01]
Squared sum of errors between actual and predicted output: 0.25131095484047866

Actual ouput state iteration 40:
[  2.00000000e-03   0.00000000e+00   1.00000000e-04   0.00000000e+00
   0.00000000e+00   6.66666667e-01   7.27272727e-01   0.00000000e+00
   1.25000000e-01   6.66666667e-01   7.27272727e-01   8.26446281e-03
   6.25000000e-01   6.66666667e-01   6.36363636e-01   1.52089073e-02
   8.75000000e-01   5.83333333e-01   6.36363636e-01   1.52089073e-02
   6.25000000e-01   5.83333333e-01   6.36363636e-01   3.30578512e-02
   6.25000000e-01   6.66666667e-01   5.45454545e-01   3.60422406e-02
   6.25000000e-01   5.00000000e-01   6.36363636e-01   4.00022957e-02
   6.25000000e-01   5.83333333e-01   5.45454545e-01   6.08356290e-02
   6.25000000e-01   5.00000000e-01   5.45454545e-01   7.07644628e-02
   6.25000000e-01   4.16666667e-01   6.36363636e-01   7.43801653e-02
   6.25000000e-01   6.66666667e-01   4.54545455e-01]
Predicted output state:
[  2.64369138e-03   4.82828222e-09   1.00022502e-04   5.73778580e-09
   3.50183638e-09   6.98497355e-01   7.14492083e-01   4.70340922e-09
   1.25507295e-01   6.98497415e-01   7.14492023e-01   1.95976514e-02
   6.39783859e-01   5.84114850e-01   6.66625321e-01   2.56748591e-02
   6.27226055e-01   5.41228414e-01   6.38866723e-01   2.84830220e-02
   6.35964572e-01   5.83449841e-01   6.36405051e-01   4.31082435e-02
   6.27146840e-01   5.92601955e-01   5.85248172e-01   4.80586588e-02
   6.27016664e-01   5.01509666e-01   5.98964155e-01   5.63174225e-02
   6.26428664e-01   5.16978860e-01   5.97937167e-01   5.99620752e-02
   6.25183642e-01   5.25157511e-01   5.70545375e-01   6.77692443e-02
   6.25086665e-01   5.00045836e-01   5.16347647e-01   7.66260251e-02
   6.25979185e-01   5.70130348e-01   5.18783629e-01]
Squared sum of errors between actual and predicted output: 0.2279225842357675



Maximum SSE occurred: 0.3152104402589293
Total SSE: 7.641295015161463
Variance output object: 
[  3.23945578e-07   0.00000000e+00   2.93873588e-39   0.00000000e+00
   0.00000000e+00   3.85211955e-02   2.27928637e-02   0.00000000e+00
   1.10721372e-01   3.85211955e-02   2.27928637e-02   1.35945941e-05
   7.14285714e-02   2.56834215e-02   1.70021177e-02   4.62358305e-05
   5.89923469e-02   2.56834215e-02   1.56668728e-02   3.70038389e-05
   1.05229592e-02   2.80927186e-02   1.89839021e-02   1.05243115e-04
   8.68055556e-03   2.05223293e-02   1.49360019e-02   1.59555308e-04
   1.13378685e-02   1.58926997e-02   1.16377129e-02   2.35848664e-04
   4.14540816e-03   1.51014109e-02   9.65592849e-03   2.70260871e-04
   1.45266440e-03   1.88688901e-02   1.57418339e-02   3.72682147e-04
   2.83446712e-03   1.85382023e-02   1.45611964e-02   4.58245481e-04
   1.45266440e-03   1.94515306e-02   1.29682727e-02]
Variance predicted object: 
[  3.38026467e-07   2.82901042e-15   1.75151442e-15   4.09763030e-15
   1.86702282e-15   5.03679179e-02   2.78282929e-02   1.80890493e-15
   1.25354677e-01   5.03679328e-02   2.78283022e-02   7.54111752e-05
   4.25946414e-02   2.65778694e-02   1.61453653e-02   1.35602648e-04
   3.37864906e-02   2.06419099e-02   1.37820141e-02   1.75437192e-04
   5.98010933e-03   1.92191266e-02   1.17009599e-02   3.81393533e-04
   7.56767869e-04   1.70487612e-02   9.60261561e-03   4.81953059e-04
   2.23949319e-03   1.34125538e-02   7.95418024e-03   6.62887469e-04
   4.34100686e-04   1.24312742e-02   6.32943353e-03   7.55338289e-04
   2.79892090e-04   6.33463822e-03   6.03003521e-03   9.48648609e-04
   1.42291348e-04   1.30399810e-02   6.13246439e-03   1.22236554e-03
   2.09198071e-04   1.18977018e-02   6.13058265e-03]