Game: ZenPuzzle
File: 3-101_4.txt
Actual ouput state iteration 0:
[  1.00000000e-04   0.00000000e+00   1.00000000e-04   0.00000000e+00
   0.00000000e+00   2.50000000e-01   4.54545455e-01   0.00000000e+00
   8.75000000e-01   2.50000000e-01   4.54545455e-01   0.00000000e+00
   6.25000000e-01   2.50000000e-01   4.54545455e-01   0.00000000e+00
   1.25000000e-01   2.50000000e-01   4.54545455e-01   6.94444444e-03
   6.25000000e-01   3.33333333e-01   4.54545455e-01   8.26446281e-03
   6.25000000e-01   2.50000000e-01   5.45454545e-01   8.26446281e-03
   6.25000000e-01   2.50000000e-01   3.63636364e-01   1.52089073e-02
   6.25000000e-01   3.33333333e-01   3.63636364e-01   1.52089073e-02
   6.25000000e-01   3.33333333e-01   5.45454545e-01   2.77777778e-02
   6.25000000e-01   4.16666667e-01   4.54545455e-01   3.30578512e-02
   6.25000000e-01   2.50000000e-01   2.72727273e-01]
Predicted output state:
[  2.62209307e-03   2.53526679e-07   9.99964759e-05   3.04703235e-07
   2.05780069e-07   8.29546377e-02   4.93357211e-01   2.03103539e-07
   1.31136104e-01   8.29545632e-02   4.93357211e-01   2.23819949e-02
   6.38763011e-01   2.34289527e-01   5.17449737e-01   2.92246733e-02
   6.26818061e-01   2.27217585e-01   4.76044565e-01   3.43984775e-02
   6.32690251e-01   2.80570537e-01   4.97273743e-01   4.94312719e-02
   6.27023280e-01   3.08909476e-01   5.83357871e-01   5.48253693e-02
   6.30846798e-01   2.63094157e-01   4.30738896e-01   6.42387345e-02
   6.26524627e-01   2.92843282e-01   4.70218778e-01   6.81910515e-02
   6.23294532e-01   3.60705197e-01   3.96940202e-01   7.86002427e-02
   6.23899877e-01   3.37769747e-01   5.49491823e-01   8.86587501e-02
   6.25367761e-01   3.10867727e-01   6.07618332e-01]
Squared sum of errors between actual and predicted output: 0.1293727372522301

Actual ouput state iteration 1:
[  2.00000000e-04   0.00000000e+00   1.00000000e-04   0.00000000e+00
   0.00000000e+00   3.33333333e-01   4.54545455e-01   0.00000000e+00
   1.25000000e-01   3.33333333e-01   4.54545455e-01   0.00000000e+00
   8.75000000e-01   3.33333333e-01   4.54545455e-01   0.00000000e+00
   6.25000000e-01   3.33333333e-01   4.54545455e-01   6.94444444e-03
   6.25000000e-01   2.50000000e-01   4.54545455e-01   6.94444444e-03
   8.75000000e-01   2.50000000e-01   4.54545455e-01   6.94444444e-03
   6.25000000e-01   4.16666667e-01   4.54545455e-01   8.26446281e-03
   6.25000000e-01   3.33333333e-01   3.63636364e-01   8.26446281e-03
   6.25000000e-01   3.33333333e-01   5.45454545e-01   1.52089073e-02
   6.25000000e-01   2.50000000e-01   3.63636364e-01   1.52089073e-02
   6.25000000e-01   2.50000000e-01   5.45454545e-01]
Predicted output state:
[  2.38327775e-03   2.72036482e-09   9.99509066e-05   2.93998559e-09
   1.85792870e-09   2.70897865e-01   3.78851742e-01   2.40649456e-09
   8.61058474e-01   2.70897865e-01   3.78851891e-01   3.12693032e-17
   7.37555981e-01   2.72924602e-01   4.68741536e-01   2.33893113e-21
   2.17063546e-01   2.92455941e-01   4.55361664e-01   4.58575078e-21
   8.14162850e-01   2.97841936e-01   4.43050027e-01   3.87249438e-19
   6.56073034e-01   3.10428679e-01   4.63974595e-01   7.43138980e-18
   6.61677539e-01   3.05173159e-01   4.66610253e-01   5.43206985e-18
   6.43729925e-01   2.91483939e-01   4.01394457e-01   2.94298163e-20
   6.43580556e-01   3.71762842e-01   4.74890530e-01   2.36728305e-17
   6.40305102e-01   3.04943532e-01   4.41627771e-01   2.32006146e-17
   6.35532796e-01   2.85894036e-01   4.99500066e-01]
Squared sum of errors between actual and predicted output: 0.17817977888914804

Actual ouput state iteration 2:
[  3.00000000e-04   0.00000000e+00   1.00000000e-04   0.00000000e+00
   0.00000000e+00   3.33333333e-01   5.45454545e-01   0.00000000e+00
   6.25000000e-01   3.33333333e-01   5.45454545e-01   0.00000000e+00
   8.75000000e-01   3.33333333e-01   5.45454545e-01   0.00000000e+00
   1.25000000e-01   3.33333333e-01   5.45454545e-01   6.94444444e-03
   6.25000000e-01   2.50000000e-01   5.45454545e-01   6.94444444e-03
   6.25000000e-01   4.16666667e-01   5.45454545e-01   8.26446281e-03
   6.25000000e-01   3.33333333e-01   4.54545455e-01   8.26446281e-03
   8.75000000e-01   3.33333333e-01   4.54545455e-01   8.26446281e-03
   6.25000000e-01   3.33333333e-01   6.36363636e-01   1.52089073e-02
   8.75000000e-01   2.50000000e-01   4.54545455e-01   1.52089073e-02
   6.25000000e-01   2.50000000e-01   4.54545455e-01]
Predicted output state:
[  2.53192754e-03   2.90702507e-09   9.98997275e-05   3.28588934e-09
   2.12787610e-09   2.15842158e-01   3.95140111e-01   3.19445403e-09
   1.28719106e-01   2.15842322e-01   3.95140082e-01   1.10793998e-02
   6.42007768e-01   2.69661069e-01   4.35621947e-01   1.34277428e-02
   6.26216769e-01   2.97673494e-01   4.29340750e-01   1.69670153e-02
   6.29000306e-01   3.14564705e-01   4.01031733e-01   2.48524509e-02
   6.34745061e-01   3.36200088e-01   4.14187938e-01   2.74994895e-02
   6.25012755e-01   3.21847975e-01   5.25160789e-01   3.59815545e-02
   6.26985133e-01   3.99639308e-01   3.54043752e-01   3.48807350e-02
   6.30589545e-01   3.42811614e-01   4.91237551e-01   4.09181491e-02
   6.29302084e-01   3.39621007e-01   2.77621955e-01   4.73874472e-02
   6.26834691e-01   3.63932759e-01   6.03966236e-01]
Squared sum of errors between actual and predicted output: 0.22682802323666904

Actual ouput state iteration 3:
[  3.00000000e-04   0.00000000e+00   1.00000000e-04   0.00000000e+00
   0.00000000e+00   3.33333333e-01   5.45454545e-01   0.00000000e+00
   8.75000000e-01   3.33333333e-01   5.45454545e-01   0.00000000e+00
   6.25000000e-01   3.33333333e-01   5.45454545e-01   0.00000000e+00
   8.75000000e-01   3.33333333e-01   5.45454545e-01   0.00000000e+00
   1.25000000e-01   3.33333333e-01   5.45454545e-01   6.94444444e-03
   6.25000000e-01   2.50000000e-01   5.45454545e-01   6.94444444e-03
   6.25000000e-01   4.16666667e-01   5.45454545e-01   8.26446281e-03
   6.25000000e-01   3.33333333e-01   4.54545455e-01   8.26446281e-03
   8.75000000e-01   3.33333333e-01   4.54545455e-01   8.26446281e-03
   6.25000000e-01   3.33333333e-01   6.36363636e-01   1.52089073e-02
   6.25000000e-01   2.50000000e-01   4.54545455e-01]
Predicted output state:
[  2.44933437e-03   2.55442067e-09   9.99577605e-05   2.77796919e-09
   1.66221525e-09   3.72607470e-01   4.80055332e-01   2.21105045e-09
   8.59067440e-01   3.72607499e-01   4.80055451e-01   1.57996113e-17
   7.50711262e-01   3.35939854e-01   5.43802857e-01   9.02206258e-22
   2.07693815e-01   3.41333270e-01   5.27949274e-01   1.74410386e-21
   8.17460895e-01   3.49327266e-01   5.06428719e-01   1.62785720e-19
   6.53977871e-01   3.74958485e-01   5.12772620e-01   3.34440599e-18
   6.58789694e-01   3.34422499e-01   5.15538096e-01   2.40077572e-18
   6.43210769e-01   3.14341635e-01   4.48545188e-01   1.13742868e-20
   6.42513633e-01   3.90635639e-01   5.18869996e-01   1.06456639e-17
   6.39647305e-01   3.58588606e-01   4.76486683e-01   1.03434328e-17
   6.34850264e-01   3.33135545e-01   5.21470189e-01]
Squared sum of errors between actual and predicted output: 0.29747087192116006

Actual ouput state iteration 4:
[  4.00000000e-04   0.00000000e+00   1.00000000e-04   0.00000000e+00
   0.00000000e+00   4.16666667e-01   5.45454545e-01   0.00000000e+00
   1.25000000e-01   4.16666667e-01   5.45454545e-01   0.00000000e+00
   8.75000000e-01   4.16666667e-01   5.45454545e-01   0.00000000e+00
   6.25000000e-01   4.16666667e-01   5.45454545e-01   6.94444444e-03
   6.25000000e-01   5.00000000e-01   5.45454545e-01   6.94444444e-03
   6.25000000e-01   3.33333333e-01   5.45454545e-01   6.94444444e-03
   8.75000000e-01   3.33333333e-01   5.45454545e-01   6.94444444e-03
   8.75000000e-01   3.33333333e-01   5.45454545e-01   8.26446281e-03
   6.25000000e-01   4.16666667e-01   4.54545455e-01   8.26446281e-03
   6.25000000e-01   4.16666667e-01   6.36363636e-01   1.52089073e-02
   6.25000000e-01   5.00000000e-01   4.54545455e-01]
Predicted output state:
[  2.57829088e-03   1.21947128e-08   9.99875119e-05   1.51265702e-08
   1.03182387e-08   2.66343147e-01   5.41181386e-01   1.19313688e-08
   1.38122410e-01   2.66343057e-01   5.41181445e-01   1.11219343e-02
   6.45602226e-01   2.80595213e-01   5.56160092e-01   1.55424792e-02
   6.35064363e-01   2.86501706e-01   5.15365243e-01   1.80866569e-02
   6.42709315e-01   3.42208624e-01   5.47654331e-01   2.85479054e-02
   6.28247321e-01   3.26264650e-01   5.27994156e-01   3.27425003e-02
   6.30264640e-01   3.03988308e-01   5.12559891e-01   3.84288542e-02
   6.23678982e-01   3.77766281e-01   5.17525613e-01   4.11812328e-02
   6.24349236e-01   4.30591583e-01   4.93613720e-01   4.87640873e-02
   6.24649405e-01   2.82448053e-01   4.92754370e-01   5.64071983e-02
   6.24451756e-01   3.15737605e-01   4.90330309e-01]
Squared sum of errors between actual and predicted output: 1.0197629059164892

Actual ouput state iteration 5:
[  5.00000000e-04   0.00000000e+00   1.00000000e-04   0.00000000e+00
   0.00000000e+00   5.00000000e-01   5.45454545e-01   0.00000000e+00
   6.25000000e-01   5.00000000e-01   5.45454545e-01   0.00000000e+00
   8.75000000e-01   5.00000000e-01   5.45454545e-01   0.00000000e+00
   1.25000000e-01   5.00000000e-01   5.45454545e-01   6.94444444e-03
   6.25000000e-01   4.16666667e-01   5.45454545e-01   6.94444444e-03
   8.75000000e-01   4.16666667e-01   5.45454545e-01   6.94444444e-03
   6.25000000e-01   5.83333333e-01   5.45454545e-01   8.26446281e-03
   6.25000000e-01   5.00000000e-01   4.54545455e-01   8.26446281e-03
   6.25000000e-01   5.00000000e-01   6.36363636e-01   1.52089073e-02
   6.25000000e-01   4.16666667e-01   4.54545455e-01   1.52089073e-02
   6.25000000e-01   5.83333333e-01   4.54545455e-01]
Predicted output state:
[  2.58540316e-03   5.78797366e-09   9.99937984e-05   6.96295821e-09
   4.55341675e-09   4.65849102e-01   5.72255492e-01   5.84178705e-09
   1.32426143e-01   4.65849042e-01   5.72255552e-01   1.17700640e-02
   6.44353986e-01   4.01640385e-01   5.87067306e-01   1.55817093e-02
   6.31643355e-01   3.92016232e-01   5.53985953e-01   1.81084648e-02
   6.39235556e-01   4.34181899e-01   5.62155724e-01   2.82360967e-02
   6.29158854e-01   4.33102846e-01   5.37582219e-01   3.20543423e-02
   6.28583312e-01   3.93057644e-01   5.58724880e-01   3.86011526e-02
   6.25424147e-01   4.32096481e-01   5.17736077e-01   4.01684307e-02
   6.25774860e-01   4.61126506e-01   5.20880997e-01   4.71024364e-02
   6.25606954e-01   3.65756691e-01   4.71142948e-01   5.43259755e-02
   6.25364661e-01   4.39360112e-01   5.23545027e-01]
Squared sum of errors between actual and predicted output: 0.26568993725867784

Actual ouput state iteration 6:
[  6.00000000e-04   0.00000000e+00   1.00000000e-04   0.00000000e+00
   0.00000000e+00   5.83333333e-01   5.45454545e-01   0.00000000e+00
   1.25000000e-01   5.83333333e-01   5.45454545e-01   0.00000000e+00
   6.25000000e-01   5.83333333e-01   5.45454545e-01   0.00000000e+00
   8.75000000e-01   5.83333333e-01   5.45454545e-01   6.94444444e-03
   6.25000000e-01   6.66666667e-01   5.45454545e-01   6.94444444e-03
   6.25000000e-01   5.00000000e-01   5.45454545e-01   6.94444444e-03
   8.75000000e-01   5.00000000e-01   5.45454545e-01   8.26446281e-03
   6.25000000e-01   5.83333333e-01   4.54545455e-01   8.26446281e-03
   6.25000000e-01   5.83333333e-01   6.36363636e-01   1.52089073e-02
   6.25000000e-01   6.66666667e-01   4.54545455e-01   1.52089073e-02
   6.25000000e-01   6.66666667e-01   6.36363636e-01]
Predicted output state:
[  2.51397584e-03   1.75750881e-09   9.99822660e-05   1.86862237e-09
   1.05796383e-09   5.91681182e-01   5.66918492e-01   1.50540302e-09
   8.50052774e-01   5.91681123e-01   5.66918433e-01   2.44216788e-17
   7.48075426e-01   5.18880963e-01   5.69592595e-01   1.35032237e-21
   2.02672079e-01   4.91591454e-01   5.64859033e-01   2.50192792e-21
   8.14457595e-01   5.01970410e-01   5.35600841e-01   2.29821380e-19
   6.52415633e-01   5.33765018e-01   5.15308380e-01   4.69350303e-18
   6.56339705e-01   4.45153803e-01   5.11831701e-01   3.26527582e-18
   6.44421458e-01   4.00512040e-01   5.06361365e-01   1.56680852e-20
   6.42396927e-01   4.53371823e-01   5.42574406e-01   1.44018530e-17
   6.39428616e-01   5.04756927e-01   4.85807091e-01   1.37640116e-17
   6.35884941e-01   4.56678778e-01   4.85329390e-01]
Squared sum of errors between actual and predicted output: 0.2715830970966579

Actual ouput state iteration 7:
[  7.00000000e-04   0.00000000e+00   1.00000000e-04   0.00000000e+00
   0.00000000e+00   5.83333333e-01   4.54545455e-01   0.00000000e+00
   6.25000000e-01   5.83333333e-01   4.54545455e-01   0.00000000e+00
   8.75000000e-01   5.83333333e-01   4.54545455e-01   0.00000000e+00
   1.25000000e-01   5.83333333e-01   4.54545455e-01   6.94444444e-03
   6.25000000e-01   6.66666667e-01   4.54545455e-01   6.94444444e-03
   6.25000000e-01   5.00000000e-01   4.54545455e-01   8.26446281e-03
   6.25000000e-01   5.83333333e-01   3.63636364e-01   8.26446281e-03
   6.25000000e-01   5.83333333e-01   5.45454545e-01   8.26446281e-03
   8.75000000e-01   5.83333333e-01   5.45454545e-01   1.52089073e-02
   6.25000000e-01   6.66666667e-01   3.63636364e-01   1.52089073e-02
   6.25000000e-01   6.66666667e-01   5.45454545e-01]
Predicted output state:
[  2.59446423e-03   2.09425099e-09   9.99521435e-05   2.37232811e-09
   1.43340850e-09   6.89362705e-01   5.97889543e-01   2.19605845e-09
   1.21840060e-01   6.89362884e-01   5.97889543e-01   1.61683764e-02
   6.40828609e-01   5.86714983e-01   5.85733116e-01   1.97329223e-02
   6.23565137e-01   5.57098210e-01   5.74264944e-01   2.28505358e-02
   6.29603565e-01   5.79090536e-01   5.41331232e-01   3.40612456e-02
   6.31499588e-01   5.96522152e-01   5.09112537e-01   3.77663188e-02
   6.25160575e-01   5.03679574e-01   5.88743925e-01   4.63539064e-02
   6.28551006e-01   5.48481047e-01   5.00095010e-01   4.70225550e-02
   6.28739834e-01   4.92674679e-01   5.57100773e-01   5.35624288e-02
   6.27992034e-01   5.39154112e-01   3.84295523e-01   6.15088195e-02
   6.27632678e-01   5.58447957e-01   5.76289892e-01]
Squared sum of errors between actual and predicted output: 0.24081895364094974

Actual ouput state iteration 8:
[  8.00000000e-04   0.00000000e+00   1.00000000e-04   0.00000000e+00
   0.00000000e+00   5.83333333e-01   3.63636364e-01   0.00000000e+00
   8.75000000e-01   5.83333333e-01   3.63636364e-01   0.00000000e+00
   1.25000000e-01   5.83333333e-01   3.63636364e-01   0.00000000e+00
   6.25000000e-01   5.83333333e-01   3.63636364e-01   6.94444444e-03
   6.25000000e-01   6.66666667e-01   3.63636364e-01   6.94444444e-03
   6.25000000e-01   5.00000000e-01   3.63636364e-01   8.26446281e-03
   6.25000000e-01   5.83333333e-01   4.54545455e-01   8.26446281e-03
   8.75000000e-01   5.83333333e-01   4.54545455e-01   8.26446281e-03
   6.25000000e-01   5.83333333e-01   2.72727273e-01   1.52089073e-02
   6.25000000e-01   6.66666667e-01   4.54545455e-01   1.52089073e-02
   6.25000000e-01   6.66666667e-01   2.72727273e-01]
Predicted output state:
[  2.63855653e-03   1.02159914e-09   9.99973345e-05   1.04286557e-09
   6.03407824e-10   7.18344331e-01   4.71912712e-01   8.91787422e-10
   8.42942834e-01   7.18344450e-01   4.71912801e-01   1.04108059e-17
   7.63860106e-01   6.58259451e-01   4.61481124e-01   4.06440652e-22
   1.87243238e-01   6.18244052e-01   4.77545530e-01   7.44488047e-22
   8.15297663e-01   6.23447299e-01   4.52267349e-01   7.76591991e-20
   6.50309801e-01   6.30480349e-01   4.23620433e-01   1.77440602e-18
   6.50031745e-01   5.50792038e-01   4.11186159e-01   1.16698682e-18
   6.44142151e-01   4.81951118e-01   4.95157212e-01   4.73557952e-21
   6.41999781e-01   5.19084692e-01   4.93210316e-01   5.39057847e-18
   6.39099300e-01   6.06269062e-01   4.34511513e-01   5.09356397e-18
   6.36368871e-01   5.20492613e-01   3.92394722e-01]
Squared sum of errors between actual and predicted output: 0.2977314007754105

Actual ouput state iteration 9:
[  9.00000000e-04   0.00000000e+00   1.00000000e-04   0.00000000e+00
   0.00000000e+00   5.00000000e-01   3.63636364e-01   0.00000000e+00
   1.25000000e-01   5.00000000e-01   3.63636364e-01   0.00000000e+00
   8.75000000e-01   5.00000000e-01   3.63636364e-01   0.00000000e+00
   6.25000000e-01   5.00000000e-01   3.63636364e-01   6.94444444e-03
   6.25000000e-01   4.16666667e-01   3.63636364e-01   6.94444444e-03
   8.75000000e-01   5.83333333e-01   3.63636364e-01   6.94444444e-03
   6.25000000e-01   5.83333333e-01   3.63636364e-01   8.26446281e-03
   6.25000000e-01   5.00000000e-01   4.54545455e-01   8.26446281e-03
   6.25000000e-01   5.00000000e-01   2.72727273e-01   1.52089073e-02
   6.25000000e-01   4.16666667e-01   4.54545455e-01   1.52089073e-02
   8.75000000e-01   5.83333333e-01   4.54545455e-01]
Predicted output state:
[  1.10987667e-03   1.82452109e-09   9.99545227e-05   1.70470349e-09
   1.33247491e-09   6.52773857e-01   3.43971014e-01   1.89561034e-09
   8.23893785e-01   6.52773976e-01   3.43971163e-01   2.62927567e-03
   1.52949080e-01   6.21413469e-01   3.65948617e-01   2.89292843e-03
   6.46153450e-01   6.14433885e-01   3.62689048e-01   4.13184660e-03
   6.39295697e-01   6.20981872e-01   3.70264500e-01   6.94006728e-03
   7.03069150e-01   5.85491776e-01   3.68322223e-01   7.53192371e-03
   7.52126098e-01   5.76801658e-01   3.87647837e-01   8.52041785e-03
   6.82905495e-01   6.39407754e-01   4.09383237e-01   8.57952889e-03
   6.71634734e-01   5.48902512e-01   3.80444288e-01   1.41640613e-02
   6.57664299e-01   5.47543764e-01   3.65576506e-01   1.55573925e-02
   6.66408658e-01   5.64579666e-01   3.98535550e-01]
Squared sum of errors between actual and predicted output: 0.16133103214070138

Actual ouput state iteration 10:
[  9.00000000e-04   0.00000000e+00   1.00000000e-04   0.00000000e+00
   0.00000000e+00   5.00000000e-01   3.63636364e-01   0.00000000e+00
   8.75000000e-01   5.00000000e-01   3.63636364e-01   0.00000000e+00
   1.25000000e-01   5.00000000e-01   3.63636364e-01   0.00000000e+00
   6.25000000e-01   5.00000000e-01   3.63636364e-01   0.00000000e+00
   8.75000000e-01   5.00000000e-01   3.63636364e-01   6.94444444e-03
   6.25000000e-01   4.16666667e-01   3.63636364e-01   6.94444444e-03
   8.75000000e-01   5.83333333e-01   3.63636364e-01   6.94444444e-03
   6.25000000e-01   5.83333333e-01   3.63636364e-01   8.26446281e-03
   6.25000000e-01   5.00000000e-01   4.54545455e-01   8.26446281e-03
   6.25000000e-01   5.00000000e-01   2.72727273e-01   1.52089073e-02
   6.25000000e-01   4.16666667e-01   4.54545455e-01]
Predicted output state:
[  2.56815995e-03   1.51778023e-09   9.99291733e-05   1.64939939e-09
   1.17379628e-09   5.57048202e-01   2.71937847e-01   1.72255921e-09
   1.23840004e-01   5.57048380e-01   2.71937847e-01   1.22467484e-02
   6.41427696e-01   5.08597493e-01   3.46051961e-01   1.55092161e-02
   6.23600900e-01   5.08272529e-01   3.48991603e-01   1.87506881e-02
   6.26899898e-01   5.22717953e-01   3.40628773e-01   2.80548874e-02
   6.33855581e-01   4.93623555e-01   3.40086013e-01   3.18744928e-02
   6.24603510e-01   4.85104650e-01   4.18558955e-01   3.90385874e-02
   6.28323019e-01   5.39998353e-01   3.69358242e-01   3.96083184e-02
   6.30195796e-01   4.86810654e-01   4.23114032e-01   4.61343527e-02
   6.28997803e-01   4.65350121e-01   2.78272659e-01   5.37755564e-02
   6.28439605e-01   4.59897012e-01   4.70105201e-01]
Squared sum of errors between actual and predicted output: 0.3171368818166567

Actual ouput state iteration 11:
[  1.00000000e-03   0.00000000e+00   1.00000000e-04   0.00000000e+00
   0.00000000e+00   4.16666667e-01   3.63636364e-01   0.00000000e+00
   1.25000000e-01   4.16666667e-01   3.63636364e-01   0.00000000e+00
   8.75000000e-01   4.16666667e-01   3.63636364e-01   0.00000000e+00
   6.25000000e-01   4.16666667e-01   3.63636364e-01   6.94444444e-03
   8.75000000e-01   5.00000000e-01   3.63636364e-01   6.94444444e-03
   8.75000000e-01   5.00000000e-01   3.63636364e-01   6.94444444e-03
   6.25000000e-01   5.00000000e-01   3.63636364e-01   6.94444444e-03
   6.25000000e-01   3.33333333e-01   3.63636364e-01   8.26446281e-03
   6.25000000e-01   4.16666667e-01   4.54545455e-01   8.26446281e-03
   6.25000000e-01   4.16666667e-01   2.72727273e-01   1.52089073e-02
   6.25000000e-01   5.00000000e-01   4.54545455e-01]
Predicted output state:
[  1.08690688e-03   2.45920639e-09   9.99443291e-05   2.34534259e-09
   1.84669735e-09   5.38312912e-01   3.51271480e-01   2.55100741e-09
   8.23457778e-01   5.38313031e-01   3.51271689e-01   4.44131764e-03
   1.49231657e-01   5.20336092e-01   3.89947057e-01   6.10817131e-03
   6.59412265e-01   5.27728498e-01   3.77675354e-01   8.80339183e-03
   6.37736559e-01   5.36818326e-01   3.86724144e-01   1.36128943e-02
   7.03788161e-01   5.07251620e-01   3.94075692e-01   1.38466237e-02
   7.53946900e-01   5.09158194e-01   4.18148935e-01   1.61602926e-02
   6.82442963e-01   5.87919295e-01   3.97387743e-01   1.80592369e-02
   6.71611726e-01   5.07100523e-01   3.88625830e-01   2.60244962e-02
   6.57653272e-01   4.71840560e-01   3.76834929e-01   2.87994277e-02
   6.65866554e-01   5.09339869e-01   4.36095744e-01]
Squared sum of errors between actual and predicted output: 0.1416234539590277

Actual ouput state iteration 12:
[  1.00000000e-03   0.00000000e+00   1.00000000e-04   0.00000000e+00
   0.00000000e+00   4.16666667e-01   3.63636364e-01   0.00000000e+00
   8.75000000e-01   4.16666667e-01   3.63636364e-01   0.00000000e+00
   8.75000000e-01   4.16666667e-01   3.63636364e-01   0.00000000e+00
   1.25000000e-01   4.16666667e-01   3.63636364e-01   0.00000000e+00
   6.25000000e-01   4.16666667e-01   3.63636364e-01   6.94444444e-03
   8.75000000e-01   5.00000000e-01   3.63636364e-01   6.94444444e-03
   6.25000000e-01   5.00000000e-01   3.63636364e-01   6.94444444e-03
   6.25000000e-01   3.33333333e-01   3.63636364e-01   8.26446281e-03
   6.25000000e-01   4.16666667e-01   4.54545455e-01   8.26446281e-03
   6.25000000e-01   4.16666667e-01   2.72727273e-01   1.52089073e-02
   6.25000000e-01   5.00000000e-01   4.54545455e-01]
Predicted output state:
[  2.55746022e-03   2.68301092e-09   9.99512849e-05   3.02005576e-09
   2.29080310e-09   3.86209637e-01   2.32686237e-01   3.04095704e-09
   1.30778462e-01   3.86209756e-01   2.32686266e-01   9.57867876e-03
   6.43595457e-01   3.71140242e-01   3.33907366e-01   1.26645025e-02
   6.28727496e-01   3.85608882e-01   3.24128449e-01   1.55020533e-02
   6.32709563e-01   4.12177116e-01   3.39468837e-01   2.37862170e-02
   6.32777810e-01   3.77541751e-01   3.46797943e-01   2.73752958e-02
   6.26597404e-01   4.04511243e-01   3.97591621e-01   3.35628390e-02
   6.26336753e-01   4.54274714e-01   3.61856520e-01   3.42341699e-02
   6.28651559e-01   4.49341685e-01   3.94884527e-01   4.07136045e-02
   6.27688050e-01   3.49328667e-01   3.12075824e-01   4.75804806e-02
   6.26933396e-01   3.88597369e-01   4.36918080e-01]
Squared sum of errors between actual and predicted output: 0.28905457022386494

Actual ouput state iteration 13:
[  1.10000000e-03   0.00000000e+00   1.00000000e-04   0.00000000e+00
   0.00000000e+00   3.33333333e-01   3.63636364e-01   0.00000000e+00
   1.25000000e-01   3.33333333e-01   3.63636364e-01   0.00000000e+00
   6.25000000e-01   3.33333333e-01   3.63636364e-01   0.00000000e+00
   8.75000000e-01   3.33333333e-01   3.63636364e-01   6.94444444e-03
   6.25000000e-01   2.50000000e-01   3.63636364e-01   6.94444444e-03
   8.75000000e-01   4.16666667e-01   3.63636364e-01   6.94444444e-03
   8.75000000e-01   4.16666667e-01   3.63636364e-01   6.94444444e-03
   6.25000000e-01   4.16666667e-01   3.63636364e-01   8.26446281e-03
   6.25000000e-01   3.33333333e-01   4.54545455e-01   8.26446281e-03
   6.25000000e-01   3.33333333e-01   2.72727273e-01   1.52089073e-02
   6.25000000e-01   2.50000000e-01   4.54545455e-01]
Predicted output state:
[  2.55418057e-03   1.40954726e-09   9.99718759e-05   1.46033396e-09
   9.13564335e-10   4.95441765e-01   3.42567116e-01   1.25623378e-09
   8.52045894e-01   4.95441943e-01   3.42567056e-01   8.59498394e-18
   7.62240112e-01   4.71330583e-01   3.97834420e-01   3.77502684e-22
   1.94199502e-01   4.64822590e-01   4.05818194e-01   7.22684487e-22
   8.16798925e-01   4.67608899e-01   3.92797828e-01   7.41577888e-20
   6.52528107e-01   4.62878495e-01   3.93954545e-01   1.67110863e-18
   6.53137088e-01   4.37998235e-01   3.86540085e-01   1.13426687e-18
   6.43248022e-01   3.93681616e-01   4.20711219e-01   4.75463982e-21
   6.42534316e-01   4.58460510e-01   4.48193341e-01   5.25054217e-18
   6.39573216e-01   4.52575892e-01   4.07820731e-01   5.05614274e-18
   6.35761857e-01   3.82897198e-01   4.07957494e-01]
Squared sum of errors between actual and predicted output: 0.18236225242501503

Actual ouput state iteration 14:
[  1.20000000e-03   0.00000000e+00   1.00000000e-04   0.00000000e+00
   0.00000000e+00   3.33333333e-01   2.72727273e-01   0.00000000e+00
   1.25000000e-01   3.33333333e-01   2.72727273e-01   0.00000000e+00
   8.75000000e-01   3.33333333e-01   2.72727273e-01   0.00000000e+00
   6.25000000e-01   3.33333333e-01   2.72727273e-01   6.94444444e-03
   6.25000000e-01   2.50000000e-01   2.72727273e-01   6.94444444e-03
   6.25000000e-01   4.16666667e-01   2.72727273e-01   8.26446281e-03
   8.75000000e-01   3.33333333e-01   3.63636364e-01   8.26446281e-03
   6.25000000e-01   3.33333333e-01   3.63636364e-01   1.52089073e-02
   6.25000000e-01   2.50000000e-01   3.63636364e-01   1.52089073e-02
   6.25000000e-01   4.16666667e-01   3.63636364e-01   1.52089073e-02
   8.75000000e-01   4.16666667e-01   3.63636364e-01]
Predicted output state:
[  2.55876221e-03   3.49008067e-09   9.99573822e-05   3.98713551e-09
   3.09571058e-09   3.22156250e-01   2.23916307e-01   3.94331545e-09
   1.33231461e-01   3.22156280e-01   2.23916307e-01   9.17963125e-03
   6.44012511e-01   3.24289739e-01   3.31488758e-01   1.23750977e-02
   6.30394876e-01   3.40300113e-01   3.16370785e-01   1.51602160e-02
   6.34705663e-01   3.76350939e-01   3.42932969e-01   2.34184843e-02
   6.32122397e-01   3.40984404e-01   3.49698156e-01   2.70390231e-02
   6.27320826e-01   3.70608777e-01   3.86874080e-01   3.30155827e-02
   6.25539720e-01   4.25894976e-01   3.65450710e-01   3.39069963e-02
   6.27914369e-01   4.33389485e-01   3.86438102e-01   4.05279435e-02
   6.27079427e-01   3.17275703e-01   3.27509940e-01   4.73198481e-02
   6.26356959e-01   3.61977786e-01   4.16151136e-01]
Squared sum of errors between actual and predicted output: 0.2847741549842699

Actual ouput state iteration 15:
[  1.30000000e-03   0.00000000e+00   1.00000000e-04   0.00000000e+00
   0.00000000e+00   2.50000000e-01   2.72727273e-01   0.00000000e+00
   6.25000000e-01   2.50000000e-01   2.72727273e-01   0.00000000e+00
   8.75000000e-01   2.50000000e-01   2.72727273e-01   0.00000000e+00
   1.25000000e-01   2.50000000e-01   2.72727273e-01   6.94444444e-03
   6.25000000e-01   3.33333333e-01   2.72727273e-01   6.94444444e-03
   8.75000000e-01   3.33333333e-01   2.72727273e-01   8.26446281e-03
   6.25000000e-01   2.50000000e-01   3.63636364e-01   1.52089073e-02
   6.25000000e-01   3.33333333e-01   3.63636364e-01   1.52089073e-02
   8.75000000e-01   3.33333333e-01   3.63636364e-01   2.77777778e-02
   6.25000000e-01   4.16666667e-01   2.72727273e-01   3.30578512e-02
   6.25000000e-01   2.50000000e-01   4.54545455e-01]
Predicted output state:
[  2.58706859e-03   3.16538973e-09   1.00017452e-04   3.55669050e-09
   2.91340307e-09   3.85471106e-01   1.78268373e-01   3.61522323e-09
   1.32286474e-01   3.85471106e-01   1.78268388e-01   1.04763946e-02
   6.41246080e-01   3.69858980e-01   2.81041950e-01   1.45687098e-02
   6.29818022e-01   3.96757901e-01   2.73588181e-01   1.77434031e-02
   6.34025097e-01   4.02540356e-01   3.02123398e-01   2.71428041e-02
   6.31121099e-01   3.48827839e-01   3.18310738e-01   3.14988419e-02
   6.26409531e-01   4.50353771e-01   3.40325147e-01   3.79478224e-02
   6.25083566e-01   4.29589897e-01   3.48895222e-01   3.95228490e-02
   6.27476633e-01   4.83053237e-01   3.42274755e-01   4.68095392e-02
   6.26464784e-01   2.93293685e-01   3.33546460e-01   5.41354083e-02
   6.26303554e-01   4.04453695e-01   3.75927985e-01]
Squared sum of errors between actual and predicted output: 0.3383035196480763

Actual ouput state iteration 16:
[  1.30000000e-03   0.00000000e+00   1.00000000e-04   0.00000000e+00
   0.00000000e+00   2.50000000e-01   1.81818182e-01   0.00000000e+00
   1.25000000e-01   2.50000000e-01   1.81818182e-01   8.26446281e-03
   6.25000000e-01   2.50000000e-01   2.72727273e-01   8.26446281e-03
   8.75000000e-01   2.50000000e-01   2.72727273e-01   1.52089073e-02
   6.25000000e-01   3.33333333e-01   2.72727273e-01   1.52089073e-02
   8.75000000e-01   3.33333333e-01   2.72727273e-01   3.30578512e-02
   6.25000000e-01   2.50000000e-01   3.63636364e-01   3.60422406e-02
   6.25000000e-01   4.16666667e-01   2.72727273e-01   4.00022957e-02
   6.25000000e-01   3.33333333e-01   3.63636364e-01   6.08356290e-02
   6.25000000e-01   4.16666667e-01   3.63636364e-01   7.07644628e-02
   6.25000000e-01   5.00000000e-01   2.72727273e-01]
Predicted output state:
[  2.36562430e-03   1.89794025e-09   9.99478507e-05   1.97472794e-09
   1.36015321e-09   2.77520269e-01   2.20787093e-01   1.74848458e-09
   8.58707428e-01   2.77520448e-01   2.20787197e-01   4.72162734e-17
   7.29713857e-01   3.03262651e-01   3.18800837e-01   4.11118902e-21
   2.19575316e-01   3.29776973e-01   3.21074605e-01   8.09177156e-21
   8.10012162e-01   3.29688221e-01   3.21835309e-01   6.47485034e-19
   6.57645524e-01   3.10938567e-01   3.50021958e-01   1.21577311e-17
   6.61873579e-01   3.44348133e-01   3.47677827e-01   8.73553185e-18
   6.44664705e-01   3.27495277e-01   3.44009727e-01   5.14566344e-20
   6.44810021e-01   4.06278372e-01   3.91350120e-01   3.83325621e-17
   6.41090631e-01   3.15681189e-01   3.70506674e-01   3.78463949e-17
   6.37034774e-01   2.71902919e-01   4.10636067e-01]
Squared sum of errors between actual and predicted output: 0.2910785528252229

Actual ouput state iteration 17:
[  1.30000000e-03   0.00000000e+00   1.00000000e-04   0.00000000e+00
   0.00000000e+00   3.33333333e-01   1.81818182e-01   0.00000000e+00
   1.25000000e-01   3.33333333e-01   1.81818182e-01   8.26446281e-03
   6.25000000e-01   3.33333333e-01   2.72727273e-01   1.52089073e-02
   8.75000000e-01   2.50000000e-01   2.72727273e-01   1.52089073e-02
   6.25000000e-01   2.50000000e-01   2.72727273e-01   1.52089073e-02
   6.25000000e-01   4.16666667e-01   2.72727273e-01   3.30578512e-02
   6.25000000e-01   3.33333333e-01   3.63636364e-01   3.60422406e-02
   6.25000000e-01   5.00000000e-01   2.72727273e-01   4.00022957e-02
   6.25000000e-01   2.50000000e-01   3.63636364e-01   4.00022957e-02
   6.25000000e-01   4.16666667e-01   3.63636364e-01   6.08356290e-02
   6.25000000e-01   5.00000000e-01   3.63636364e-01]
Predicted output state:
[  2.71765166e-03   5.11381559e-09   1.00083569e-04   5.97234218e-09
   5.52593704e-09   1.94078505e-01   9.99797210e-02   7.54101137e-09
   1.28537446e-01   1.94078609e-01   9.99795645e-02   2.96725556e-02
   6.25959933e-01   2.45548978e-01   2.77322680e-01   4.08096574e-02
   6.25266254e-01   2.49955431e-01   2.53839374e-01   4.90112603e-02
   6.29583657e-01   3.01137507e-01   3.16298068e-01   6.63603395e-02
   6.26196504e-01   3.36425900e-01   3.13174665e-01   7.10146651e-02
   6.22959375e-01   3.64999652e-01   3.30825120e-01   9.00423080e-02
   6.22357011e-01   3.17749411e-01   3.28341186e-01   9.29191634e-02
   6.25494659e-01   3.06265205e-01   3.46099585e-01   1.02059647e-01
   6.24039710e-01   3.17307770e-01   3.34961653e-01   1.09279938e-01
   6.23291075e-01   5.76270819e-01   2.73932606e-01]
Squared sum of errors between actual and predicted output: 0.20929826686637026

Actual ouput state iteration 18:
[  1.30000000e-03   0.00000000e+00   1.00000000e-04   0.00000000e+00
   0.00000000e+00   4.16666667e-01   1.81818182e-01   0.00000000e+00
   1.25000000e-01   4.16666667e-01   1.81818182e-01   8.26446281e-03
   6.25000000e-01   4.16666667e-01   2.72727273e-01   1.52089073e-02
   6.25000000e-01   5.00000000e-01   2.72727273e-01   1.52089073e-02
   6.25000000e-01   3.33333333e-01   2.72727273e-01   3.30578512e-02
   6.25000000e-01   4.16666667e-01   3.63636364e-01   3.60422406e-02
   6.25000000e-01   2.50000000e-01   2.72727273e-01   3.60422406e-02
   6.25000000e-01   5.83333333e-01   2.72727273e-01   4.00022957e-02
   6.25000000e-01   5.00000000e-01   3.63636364e-01   4.00022957e-02
   6.25000000e-01   3.33333333e-01   3.63636364e-01   6.08356290e-02
   6.25000000e-01   2.50000000e-01   3.63636364e-01]
Predicted output state:
[  2.70077167e-03   3.28442940e-09   1.00083096e-04   3.74651732e-09
   3.54119600e-09   3.17118943e-01   8.53627995e-02   4.80772488e-09
   1.27855867e-01   3.17119032e-01   8.53627846e-02   2.34741531e-02
   6.28633857e-01   3.20998162e-01   2.52982914e-01   3.22214924e-02
   6.25316501e-01   3.21339548e-01   2.34228820e-01   3.87874618e-02
   6.29735529e-01   3.65100116e-01   2.91352749e-01   5.39730489e-02
   6.27182066e-01   3.79901290e-01   2.91390955e-01   5.89084476e-02
   6.23190820e-01   4.30947900e-01   3.13093662e-01   7.42659792e-02
   6.23305261e-01   3.63553077e-01   3.19421977e-01   7.63138235e-02
   6.26107395e-01   3.61484557e-01   3.24985445e-01   8.51784125e-02
   6.24552011e-01   3.42773438e-01   3.25003594e-01   9.25183520e-02
   6.24147773e-01   6.02054596e-01   2.61962265e-01]
Squared sum of errors between actual and predicted output: 0.18752355195915155

Actual ouput state iteration 19:
[  1.30000000e-03   0.00000000e+00   1.00000000e-04   0.00000000e+00
   0.00000000e+00   5.00000000e-01   1.81818182e-01   0.00000000e+00
   1.25000000e-01   5.00000000e-01   1.81818182e-01   8.26446281e-03
   6.25000000e-01   5.00000000e-01   2.72727273e-01   1.52089073e-02
   6.25000000e-01   4.16666667e-01   2.72727273e-01   1.52089073e-02
   6.25000000e-01   5.83333333e-01   2.72727273e-01   3.30578512e-02
   6.25000000e-01   5.00000000e-01   3.63636364e-01   3.60422406e-02
   6.25000000e-01   6.66666667e-01   2.72727273e-01   3.60422406e-02
   6.25000000e-01   3.33333333e-01   2.72727273e-01   4.00022957e-02
   6.25000000e-01   4.16666667e-01   3.63636364e-01   4.00022957e-02
   6.25000000e-01   5.83333333e-01   3.63636364e-01   6.08356290e-02
   6.25000000e-01   6.66666667e-01   3.63636364e-01]
Predicted output state:
[  2.58935313e-03   3.13515436e-09   1.00020501e-04   3.51702445e-09
   2.89038349e-09   3.94470364e-01   1.76392719e-01   3.58068442e-09
   1.32116258e-01   3.94470364e-01   1.76392719e-01   1.06325541e-02
   6.41039371e-01   3.76218170e-01   2.78567493e-01   1.48117431e-02
   6.29708052e-01   4.03285623e-01   2.71549284e-01   1.80196390e-02
   6.33915663e-01   4.07365054e-01   3.00180823e-01   2.75397822e-02
   6.31045103e-01   3.52017730e-01   3.16478133e-01   3.19679976e-02
   6.26340389e-01   4.57013339e-01   3.37553024e-01   3.84487882e-02
   6.25080705e-01   4.32342827e-01   3.48807305e-01   4.01019119e-02
   6.27446651e-01   4.87680167e-01   3.40020239e-01   4.74492721e-02
   6.26431704e-01   2.94333816e-01   3.34070623e-01   5.48389368e-02
   6.26323581e-01   4.07990307e-01   3.72989386e-01]
Squared sum of errors between actual and predicted output: 0.1291207504855231

Actual ouput state iteration 20:
[  1.30000000e-03   0.00000000e+00   1.00000000e-04   0.00000000e+00
   0.00000000e+00   5.83333333e-01   1.81818182e-01   0.00000000e+00
   1.25000000e-01   5.83333333e-01   1.81818182e-01   8.26446281e-03
   6.25000000e-01   5.83333333e-01   2.72727273e-01   1.52089073e-02
   6.25000000e-01   6.66666667e-01   2.72727273e-01   1.52089073e-02
   6.25000000e-01   5.00000000e-01   2.72727273e-01   3.30578512e-02
   6.25000000e-01   5.83333333e-01   3.63636364e-01   3.60422406e-02
   6.25000000e-01   4.16666667e-01   2.72727273e-01   4.00022957e-02
   6.25000000e-01   6.66666667e-01   3.63636364e-01   4.00022957e-02
   6.25000000e-01   5.00000000e-01   3.63636364e-01   6.08356290e-02
   6.25000000e-01   4.16666667e-01   3.63636364e-01   7.07644628e-02
   6.25000000e-01   3.33333333e-01   2.72727273e-01]
Predicted output state:
[  2.67378031e-03   1.27142730e-09   1.00119745e-04   1.37053346e-09
   1.10354426e-09   5.67210913e-01   1.43631041e-01   1.58777391e-09
   1.22350022e-01   5.67210972e-01   1.43631071e-01   1.89278629e-02
   6.31617188e-01   5.33579648e-01   2.25669175e-01   2.61023454e-02
   6.22274995e-01   5.51458180e-01   2.39618182e-01   3.11726239e-02
   6.25853956e-01   5.10860801e-01   2.53783941e-01   4.49455380e-02
   6.29981756e-01   4.72716093e-01   2.68054575e-01   5.06673343e-02
   6.21704161e-01   6.33568764e-01   2.98888713e-01   6.16869368e-02
   6.26265466e-01   4.61305052e-01   3.29866827e-01   6.41493425e-02
   6.28493011e-01   5.30077159e-01   3.15024436e-01   7.22580850e-02
   6.26405835e-01   3.69953692e-01   2.98121870e-01   8.07343423e-02
   6.27186120e-01   6.35028720e-01   3.27448010e-01]
Squared sum of errors between actual and predicted output: 0.142466422555157

Actual ouput state iteration 21:
[  1.40000000e-03   0.00000000e+00   1.00000000e-04   0.00000000e+00
   0.00000000e+00   5.83333333e-01   2.72727273e-01   0.00000000e+00
   8.75000000e-01   5.83333333e-01   2.72727273e-01   0.00000000e+00
   1.25000000e-01   5.83333333e-01   2.72727273e-01   0.00000000e+00
   6.25000000e-01   5.83333333e-01   2.72727273e-01   6.94444444e-03
   6.25000000e-01   6.66666667e-01   2.72727273e-01   6.94444444e-03
   6.25000000e-01   5.00000000e-01   2.72727273e-01   8.26446281e-03
   6.25000000e-01   5.83333333e-01   3.63636364e-01   1.52089073e-02
   6.25000000e-01   6.66666667e-01   3.63636364e-01   1.52089073e-02
   6.25000000e-01   5.00000000e-01   3.63636364e-01   2.77777778e-02
   6.25000000e-01   4.16666667e-01   2.72727273e-01   3.30578512e-02
   6.25000000e-01   5.83333333e-01   4.54545455e-01]
Predicted output state:
[  2.61107134e-03   1.14589049e-09   1.00005062e-04   1.22353860e-09
   9.02337371e-10   5.97119629e-01   2.11368948e-01   1.35466183e-09
   1.21410459e-01   5.97119927e-01   2.11368978e-01   1.53157441e-02
   6.36737704e-01   5.51442862e-01   2.83449292e-01   1.98485404e-02
   6.21569335e-01   5.59955835e-01   2.97357887e-01   2.39250362e-02
   6.24534905e-01   5.40222764e-01   2.91099966e-01   3.49784866e-02
   6.32842839e-01   5.07338345e-01   2.99373478e-01   3.95154357e-02
   6.22659922e-01   5.75185120e-01   3.66844177e-01   4.84456606e-02
   6.28044426e-01   5.26303768e-01   3.43763083e-01   4.94303629e-02
   6.30154908e-01   5.15971541e-01   3.77392352e-01   5.65394387e-02
   6.28442049e-01   4.45191413e-01   2.69653767e-01   6.47577792e-02
   6.28403783e-01   5.50272942e-01   4.22512233e-01]
Squared sum of errors between actual and predicted output: 0.16145297295979066

Actual ouput state iteration 22:
[  1.50000000e-03   0.00000000e+00   1.00000000e-04   0.00000000e+00
   0.00000000e+00   6.66666667e-01   2.72727273e-01   0.00000000e+00
   8.75000000e-01   6.66666667e-01   2.72727273e-01   0.00000000e+00
   1.25000000e-01   6.66666667e-01   2.72727273e-01   0.00000000e+00
   6.25000000e-01   6.66666667e-01   2.72727273e-01   6.94444444e-03
   6.25000000e-01   5.83333333e-01   2.72727273e-01   6.94444444e-03
   8.75000000e-01   5.83333333e-01   2.72727273e-01   8.26446281e-03
   6.25000000e-01   6.66666667e-01   3.63636364e-01   1.52089073e-02
   6.25000000e-01   5.83333333e-01   3.63636364e-01   2.77777778e-02
   6.25000000e-01   5.00000000e-01   2.72727273e-01   3.30578512e-02
   6.25000000e-01   6.66666667e-01   4.54545455e-01   3.60422406e-02
   6.25000000e-01   5.00000000e-01   3.63636364e-01]
Predicted output state:
[  1.16501714e-03   1.67664282e-09   9.99543408e-05   1.55240776e-09
   1.26225030e-09   5.54141223e-01   2.42989615e-01   1.76766835e-09
   8.27021003e-01   5.54141343e-01   2.42989734e-01   3.41974606e-04
   1.75735697e-01   5.70830941e-01   2.79349893e-01   2.08438229e-04
   6.17241502e-01   5.77473164e-01   2.83967465e-01   3.08274291e-04
   6.50399506e-01   5.80916643e-01   2.97414273e-01   6.60917547e-04
   7.00850070e-01   5.30277312e-01   3.05836588e-01   8.66739254e-04
   7.46423423e-01   5.58679461e-01   3.19798321e-01   9.48689121e-04
   6.80449784e-01   6.13655031e-01   3.62344861e-01   6.89670735e-04
   6.70460224e-01   5.34671128e-01   3.34901452e-01   1.70021737e-03
   6.56886518e-01   5.07210433e-01   3.24053347e-01   1.85769552e-03
   6.64929986e-01   5.15211523e-01   3.56019109e-01]
Squared sum of errors between actual and predicted output: 0.08239602678073076

Actual ouput state iteration 23:
[  1.50000000e-03   0.00000000e+00   1.00000000e-04   0.00000000e+00
   0.00000000e+00   7.50000000e-01   2.72727273e-01   0.00000000e+00
   1.25000000e-01   7.50000000e-01   2.72727273e-01   6.94444444e-03
   6.25000000e-01   6.66666667e-01   2.72727273e-01   6.94444444e-03
   8.75000000e-01   6.66666667e-01   2.72727273e-01   1.52089073e-02
   6.25000000e-01   6.66666667e-01   3.63636364e-01   2.77777778e-02
   6.25000000e-01   5.83333333e-01   2.72727273e-01   2.77777778e-02
   8.75000000e-01   5.83333333e-01   2.72727273e-01   3.60422406e-02
   6.25000000e-01   5.83333333e-01   3.63636364e-01   4.00022957e-02
   6.25000000e-01   6.66666667e-01   4.54545455e-01   6.08356290e-02
   6.25000000e-01   5.83333333e-01   4.54545455e-01   6.25000000e-02
   6.25000000e-01   5.00000000e-01   2.72727273e-01]
Predicted output state:
[  1.22700760e-03   1.36195744e-09   9.99623371e-05   1.25075383e-09
   1.00125697e-09   6.30106688e-01   2.43418142e-01   1.42768664e-09
   8.24887693e-01   6.30106866e-01   2.43418202e-01   7.15159258e-05
   1.97343424e-01   6.31465614e-01   2.69886822e-01   2.57122902e-05
   5.89656234e-01   6.28659308e-01   2.80378073e-01   3.81240061e-05
   6.59202814e-01   6.29793704e-01   2.91669697e-01   1.00334692e-04
   6.97950363e-01   5.78482807e-01   2.93320775e-01   1.53678993e-04
   7.40921319e-01   5.98318815e-01   3.05734694e-01   1.61839969e-04
   6.78892016e-01   6.37182176e-01   3.71787012e-01   8.92857133e-05
   6.69058323e-01   5.58692813e-01   3.36217612e-01   3.05860856e-04
   6.55996442e-01   5.53382456e-01   3.18757057e-01   3.30201845e-04
   6.63806081e-01   5.47586620e-01   3.36815804e-01]
Squared sum of errors between actual and predicted output: 0.1285900828784404

Actual ouput state iteration 24:
[  1.50000000e-03   0.00000000e+00   1.00000000e-04   0.00000000e+00
   0.00000000e+00   7.50000000e-01   3.63636364e-01   0.00000000e+00
   1.25000000e-01   7.50000000e-01   3.63636364e-01   6.94444444e-03
   6.25000000e-01   6.66666667e-01   3.63636364e-01   1.52089073e-02
   6.25000000e-01   6.66666667e-01   4.54545455e-01   1.52089073e-02
   8.75000000e-01   6.66666667e-01   2.72727273e-01   1.52089073e-02
   6.25000000e-01   6.66666667e-01   2.72727273e-01   2.77777778e-02
   6.25000000e-01   5.83333333e-01   3.63636364e-01   3.60422406e-02
   6.25000000e-01   5.83333333e-01   4.54545455e-01   3.60422406e-02
   6.25000000e-01   5.83333333e-01   2.72727273e-01   4.00022957e-02
   6.25000000e-01   6.66666667e-01   5.45454545e-01   6.08356290e-02
   6.25000000e-01   5.83333333e-01   5.45454545e-01]
Predicted output state:
[  2.67138844e-03   1.94467265e-09   9.99991389e-05   2.12303553e-09
   1.65667957e-09   7.78357148e-01   2.72469521e-01   2.13535278e-09
   1.22789711e-01   7.78357267e-01   2.72469580e-01   2.35824734e-02
   6.35179102e-01   6.63888037e-01   3.22309494e-01   3.29615660e-02
   6.23034418e-01   6.30195439e-01   3.29136342e-01   3.72862406e-02
   6.28367186e-01   6.65701807e-01   3.62110138e-01   5.46081103e-02
   6.28200889e-01   6.06249630e-01   3.16679209e-01   6.15156442e-02
   6.24401152e-01   5.90686381e-01   3.42965037e-01   6.97579235e-02
   6.26944363e-01   6.07992411e-01   4.52820539e-01   7.68145770e-02
   6.26612365e-01   5.95439970e-01   4.03575063e-01   8.60807970e-02
   6.26251280e-01   5.44124126e-01   3.42257828e-01   9.68629047e-02
   6.27446115e-01   5.51800132e-01   3.17741573e-01]
Squared sum of errors between actual and predicted output: 0.18516384585913154

Actual ouput state iteration 25:
[  1.50000000e-03   0.00000000e+00   1.00000000e-04   0.00000000e+00
   0.00000000e+00   7.50000000e-01   4.54545455e-01   0.00000000e+00
   1.25000000e-01   7.50000000e-01   4.54545455e-01   6.94444444e-03
   6.25000000e-01   6.66666667e-01   4.54545455e-01   1.52089073e-02
   6.25000000e-01   6.66666667e-01   3.63636364e-01   1.52089073e-02
   6.25000000e-01   6.66666667e-01   5.45454545e-01   2.77777778e-02
   6.25000000e-01   5.83333333e-01   4.54545455e-01   3.60422406e-02
   6.25000000e-01   5.83333333e-01   5.45454545e-01   3.60422406e-02
   6.25000000e-01   5.83333333e-01   3.63636364e-01   4.00022957e-02
   6.25000000e-01   6.66666667e-01   6.36363636e-01   4.00022957e-02
   6.25000000e-01   6.66666667e-01   2.72727273e-01   6.08356290e-02
   6.25000000e-01   5.83333333e-01   2.72727273e-01]
Predicted output state:
[  2.65459553e-03   1.80782445e-09   1.00002188e-04   1.98525307e-09
   1.42682377e-09   7.72636771e-01   3.48770380e-01   1.95547756e-09
   1.20896965e-01   7.72637010e-01   3.48770380e-01   2.04567425e-02
   6.37129366e-01   6.79710090e-01   3.77670258e-01   2.77442541e-02
   6.22176230e-01   6.44883335e-01   3.80915880e-01   3.12833227e-02
   6.27878428e-01   6.71853364e-01   3.96849602e-01   4.65875641e-02
   6.29364967e-01   6.25542223e-01   3.59056175e-01   5.28643280e-02
   6.24444366e-01   5.98900139e-01   3.84177685e-01   6.02449365e-02
   6.27838314e-01   6.09774411e-01   4.73118305e-01   6.53994456e-02
   6.27376080e-01   5.92092395e-01   4.25557137e-01   7.37646520e-02
   6.26684785e-01   5.59525311e-01   3.59555781e-01   8.40013325e-02
   6.28210306e-01   5.69266677e-01   3.63722831e-01]
Squared sum of errors between actual and predicted output: 0.20333562822074414

Actual ouput state iteration 26:
[  1.60000000e-03   0.00000000e+00   1.00000000e-04   0.00000000e+00
   0.00000000e+00   6.66666667e-01   4.54545455e-01   0.00000000e+00
   8.75000000e-01   6.66666667e-01   4.54545455e-01   0.00000000e+00
   1.25000000e-01   6.66666667e-01   4.54545455e-01   0.00000000e+00
   6.25000000e-01   6.66666667e-01   4.54545455e-01   6.94444444e-03
   6.25000000e-01   5.83333333e-01   4.54545455e-01   8.26446281e-03
   6.25000000e-01   6.66666667e-01   3.63636364e-01   8.26446281e-03
   6.25000000e-01   6.66666667e-01   5.45454545e-01   1.52089073e-02
   6.25000000e-01   5.83333333e-01   5.45454545e-01   1.52089073e-02
   6.25000000e-01   5.83333333e-01   3.63636364e-01   2.77777778e-02
   6.25000000e-01   5.00000000e-01   4.54545455e-01   3.30578512e-02
   6.25000000e-01   6.66666667e-01   6.36363636e-01]
Predicted output state:
[  2.63357698e-03   1.66147684e-09   9.99863696e-05   1.83054094e-09
   1.24131394e-09   7.68380702e-01   4.11969274e-01   1.79044701e-09
   1.20169237e-01   7.68380821e-01   4.11969215e-01   1.84320547e-02
   6.38607383e-01   6.74853683e-01   4.31316882e-01   2.40969509e-02
   6.21910810e-01   6.40335917e-01   4.31893736e-01   2.73534469e-02
   6.27620876e-01   6.62240684e-01   4.30228919e-01   4.09212373e-02
   6.30458534e-01   6.32254958e-01   3.96247625e-01   4.63017672e-02
   6.24479890e-01   5.87202132e-01   4.38467830e-01   5.38105071e-02
   6.28470302e-01   6.05406642e-01   4.78122532e-01   5.71668893e-02
   6.28146589e-01   5.72920024e-01   4.58975941e-01   6.47655502e-02
   6.27323210e-01   5.68654239e-01   3.60431880e-01   7.42424950e-02
   6.28459036e-01   5.75549483e-01   4.24211532e-01]
Squared sum of errors between actual and predicted output: 0.13730083362856366

Actual ouput state iteration 27:
[  1.60000000e-03   0.00000000e+00   1.00000000e-04   0.00000000e+00
   0.00000000e+00   6.66666667e-01   4.54545455e-01   0.00000000e+00
   8.75000000e-01   6.66666667e-01   4.54545455e-01   0.00000000e+00
   8.75000000e-01   6.66666667e-01   4.54545455e-01   0.00000000e+00
   1.25000000e-01   6.66666667e-01   4.54545455e-01   0.00000000e+00
   6.25000000e-01   6.66666667e-01   4.54545455e-01   6.94444444e-03
   6.25000000e-01   5.83333333e-01   4.54545455e-01   8.26446281e-03
   6.25000000e-01   6.66666667e-01   3.63636364e-01   8.26446281e-03
   6.25000000e-01   6.66666667e-01   5.45454545e-01   1.52089073e-02
   6.25000000e-01   5.83333333e-01   5.45454545e-01   1.52089073e-02
   6.25000000e-01   5.83333333e-01   3.63636364e-01   2.77777778e-02
   6.25000000e-01   5.00000000e-01   4.54545455e-01]
Predicted output state:
[  1.12654327e-03   2.20689200e-09   9.99634867e-05   2.11526685e-09
   1.51679336e-09   7.03992665e-01   5.20352781e-01   2.20910290e-09
   8.23984027e-01   7.03992784e-01   5.20352960e-01   1.85702625e-03
   1.57919541e-01   6.42768800e-01   5.01677752e-01   1.72658649e-03
   6.39970183e-01   6.22166276e-01   4.87685621e-01   2.43318733e-03
   6.44052923e-01   6.33847535e-01   4.82572824e-01   4.32495307e-03
   7.01386392e-01   6.27764463e-01   4.64765996e-01   4.82489960e-03
   7.51284540e-01   5.72526991e-01   4.87540781e-01   5.47764311e-03
   6.82419956e-01   6.31480873e-01   4.75503862e-01   5.07234782e-03
   6.70560420e-01   5.38224280e-01   4.55243707e-01   9.10028443e-03
   6.56941354e-01   5.77726722e-01   4.27552134e-01   9.89856850e-03
   6.65429175e-01   6.11886680e-01   4.61928159e-01]
Squared sum of errors between actual and predicted output: 0.13767027062586462

Actual ouput state iteration 28:
[  1.60000000e-03   0.00000000e+00   1.00000000e-04   0.00000000e+00
   0.00000000e+00   6.66666667e-01   4.54545455e-01   0.00000000e+00
   8.75000000e-01   6.66666667e-01   4.54545455e-01   0.00000000e+00
   8.75000000e-01   6.66666667e-01   4.54545455e-01   0.00000000e+00
   1.25000000e-01   6.66666667e-01   4.54545455e-01   0.00000000e+00
   8.75000000e-01   6.66666667e-01   4.54545455e-01   0.00000000e+00
   6.25000000e-01   6.66666667e-01   4.54545455e-01   6.94444444e-03
   6.25000000e-01   5.83333333e-01   4.54545455e-01   8.26446281e-03
   6.25000000e-01   6.66666667e-01   3.63636364e-01   8.26446281e-03
   6.25000000e-01   6.66666667e-01   5.45454545e-01   1.52089073e-02
   6.25000000e-01   5.83333333e-01   5.45454545e-01   1.52089073e-02
   6.25000000e-01   5.83333333e-01   3.63636364e-01]
Predicted output state:
[  2.62600789e-03   9.52378620e-10   9.99991389e-05   9.65453828e-10
   5.62069002e-10   7.34994471e-01   4.58612323e-01   8.35294833e-10
   8.41600776e-01   7.34994769e-01   4.58612412e-01   1.45656150e-17
   7.58878887e-01   6.77336156e-01   4.46082294e-01   6.22256713e-22
   1.89400271e-01   6.36359155e-01   4.64757353e-01   1.13363366e-21
   8.13520789e-01   6.40899420e-01   4.40462768e-01   1.13794138e-19
   6.50743484e-01   6.44316077e-01   4.10859734e-01   2.53372308e-18
   6.50646150e-01   5.66733658e-01   3.97699982e-01   1.66522231e-18
   6.44656420e-01   4.96508777e-01   4.93282944e-01   7.11483329e-21
   6.42351389e-01   5.29164016e-01   4.85374540e-01   7.63468598e-18
   6.39304996e-01   6.20599270e-01   4.26874667e-01   7.21606062e-18
   6.36859357e-01   5.31401575e-01   3.79990369e-01]
Squared sum of errors between actual and predicted output: 0.13642757993943735

Actual ouput state iteration 29:
[  1.60000000e-03   0.00000000e+00   1.00000000e-04   0.00000000e+00
   0.00000000e+00   7.50000000e-01   4.54545455e-01   0.00000000e+00
   1.25000000e-01   7.50000000e-01   4.54545455e-01   6.94444444e-03
   8.75000000e-01   6.66666667e-01   4.54545455e-01   6.94444444e-03
   8.75000000e-01   6.66666667e-01   4.54545455e-01   6.94444444e-03
   6.25000000e-01   6.66666667e-01   4.54545455e-01   1.52089073e-02
   6.25000000e-01   6.66666667e-01   3.63636364e-01   1.52089073e-02
   6.25000000e-01   6.66666667e-01   5.45454545e-01   2.77777778e-02
   6.25000000e-01   5.83333333e-01   4.54545455e-01   3.60422406e-02
   6.25000000e-01   5.83333333e-01   5.45454545e-01   3.60422406e-02
   6.25000000e-01   5.83333333e-01   3.63636364e-01   4.00022957e-02
   6.25000000e-01   6.66666667e-01   6.36363636e-01]
Predicted output state:
[  2.63507525e-03   1.01218645e-09   9.99992408e-05   1.03322551e-09
   5.92694671e-10   7.34219909e-01   4.90680784e-01   8.81263229e-10
   8.42201471e-01   7.34220028e-01   4.90680784e-01   1.22156081e-17
   7.61752129e-01   6.71240926e-01   4.73387480e-01   4.93418688e-22
   1.88138291e-01   6.28891885e-01   4.89304781e-01   8.99223783e-22
   8.14681232e-01   6.34505510e-01   4.62554455e-01   9.22704399e-20
   6.50332332e-01   6.43565714e-01   4.30982888e-01   2.08135537e-18
   6.50324464e-01   5.58421373e-01   4.18504506e-01   1.36990519e-18
   6.44376278e-01   4.88627821e-01   5.03682613e-01   5.67596796e-21
   6.42051756e-01   5.22930324e-01   5.00145972e-01   6.29367193e-18
   6.39121056e-01   6.17882967e-01   4.39644277e-01   5.94070776e-18
   6.36507034e-01   5.33009350e-01   3.94964993e-01]
Squared sum of errors between actual and predicted output: 0.13323887874322382

Actual ouput state iteration 30:
[  1.60000000e-03   0.00000000e+00   1.00000000e-04   0.00000000e+00
   0.00000000e+00   7.50000000e-01   5.45454545e-01   0.00000000e+00
   1.25000000e-01   7.50000000e-01   5.45454545e-01   6.94444444e-03
   6.25000000e-01   6.66666667e-01   5.45454545e-01   1.52089073e-02
   8.75000000e-01   6.66666667e-01   4.54545455e-01   1.52089073e-02
   6.25000000e-01   6.66666667e-01   4.54545455e-01   1.52089073e-02
   6.25000000e-01   6.66666667e-01   6.36363636e-01   2.77777778e-02
   6.25000000e-01   5.83333333e-01   5.45454545e-01   3.60422406e-02
   6.25000000e-01   5.83333333e-01   4.54545455e-01   3.60422406e-02
   6.25000000e-01   5.83333333e-01   6.36363636e-01   4.00022957e-02
   6.25000000e-01   6.66666667e-01   3.63636364e-01   6.08356290e-02
   6.25000000e-01   5.83333333e-01   3.63636364e-01]
Predicted output state:
[  2.60786945e-03   1.46428059e-09   9.99517652e-05   1.61103131e-09
   1.01628572e-09   7.62193143e-01   4.99072194e-01   1.57211866e-09
   1.19018815e-01   7.62193441e-01   4.99072254e-01   1.75877884e-02
   6.39540076e-01   6.62839234e-01   5.01696348e-01   2.17509046e-02
   6.21083915e-01   6.29653871e-01   5.01183927e-01   2.50219777e-02
   6.26430273e-01   6.46091402e-01   4.73196059e-01   3.71004492e-02
   6.31889820e-01   6.41414642e-01   4.41025674e-01   4.14352864e-02
   6.24165177e-01   5.63696384e-01   5.18877447e-01   4.97794896e-02
   6.29283249e-01   6.02793336e-01   4.77258801e-01   5.12428507e-02
   6.29307091e-01   5.37602544e-01   5.13312459e-01   5.80542572e-02
   6.28391147e-01   5.87913930e-01   3.46920371e-01   6.67693913e-02
   6.28643930e-01   5.79429626e-01   5.17239630e-01]
Squared sum of errors between actual and predicted output: 0.17867893393778156

Actual ouput state iteration 31:
[  1.60000000e-03   0.00000000e+00   1.00000000e-04   0.00000000e+00
   0.00000000e+00   7.50000000e-01   6.36363636e-01   0.00000000e+00
   1.25000000e-01   7.50000000e-01   6.36363636e-01   6.94444444e-03
   6.25000000e-01   6.66666667e-01   6.36363636e-01   1.52089073e-02
   6.25000000e-01   6.66666667e-01   5.45454545e-01   2.77777778e-02
   6.25000000e-01   5.83333333e-01   6.36363636e-01   3.60422406e-02
   6.25000000e-01   5.83333333e-01   5.45454545e-01   4.00022957e-02
   6.25000000e-01   6.66666667e-01   4.54545455e-01   6.08356290e-02
   6.25000000e-01   5.83333333e-01   4.54545455e-01   6.25000000e-02
   6.25000000e-01   5.00000000e-01   6.36363636e-01   7.07644628e-02
   6.25000000e-01   5.00000000e-01   5.45454545e-01   8.13246097e-02
   6.25000000e-01   6.66666667e-01   3.63636364e-01]
Predicted output state:
[  2.61926255e-03   1.68654068e-09   9.99712065e-05   1.87469107e-09
   1.19042898e-09   7.69399047e-01   5.14766872e-01   1.79205284e-09
   1.19772583e-01   7.69399166e-01   5.14766872e-01   1.80110559e-02
   6.39426112e-01   6.66812360e-01   5.12976468e-01   2.26815380e-02
   6.21921718e-01   6.30560160e-01   5.09062827e-01   2.58334372e-02
   6.27891958e-01   6.50197148e-01   4.88912731e-01   3.85439396e-02
   6.30951166e-01   6.42249763e-01   4.52595085e-01   4.31746952e-02
   6.24574542e-01   5.69055736e-01   5.14609456e-01   5.12924977e-02
   6.28852010e-01   5.96611142e-01   4.96844888e-01   5.33932187e-02
   6.28537953e-01   5.48680604e-01   5.10845423e-01   6.04430549e-02
   6.27732217e-01   5.79399645e-01   3.73198658e-01   6.93357810e-02
   6.28324747e-01   5.87141991e-01   4.97714579e-01]
Squared sum of errors between actual and predicted output: 0.15603251028347367

Actual ouput state iteration 32:
[  1.70000000e-03   0.00000000e+00   1.00000000e-04   0.00000000e+00
   0.00000000e+00   6.66666667e-01   6.36363636e-01   0.00000000e+00
   1.25000000e-01   6.66666667e-01   6.36363636e-01   0.00000000e+00
   8.75000000e-01   6.66666667e-01   6.36363636e-01   0.00000000e+00
   6.25000000e-01   6.66666667e-01   6.36363636e-01   6.94444444e-03
   6.25000000e-01   5.83333333e-01   6.36363636e-01   8.26446281e-03
   6.25000000e-01   6.66666667e-01   5.45454545e-01   1.52089073e-02
   6.25000000e-01   5.83333333e-01   5.45454545e-01   2.77777778e-02
   6.25000000e-01   5.00000000e-01   6.36363636e-01   3.30578512e-02
   6.25000000e-01   6.66666667e-01   4.54545455e-01   3.60422406e-02
   6.25000000e-01   5.00000000e-01   5.45454545e-01   4.00022957e-02
   6.25000000e-01   5.83333333e-01   4.54545455e-01]
Predicted output state:
[  2.64515774e-03   2.32111996e-09   1.00004960e-04   2.64150035e-09
   1.63299663e-09   7.92365134e-01   6.17912412e-01   2.38000109e-09
   1.20351091e-01   7.92365253e-01   6.17912412e-01   2.06557084e-02
   6.38587236e-01   6.82464957e-01   5.84607124e-01   2.64824331e-02
   6.22947454e-01   6.37169898e-01   5.72475910e-01   2.94630621e-02
   6.30369663e-01   6.63328350e-01   5.58797538e-01   4.40711342e-02
   6.28931224e-01   6.61665976e-01   5.09240866e-01   4.91859317e-02
   6.25157654e-01   5.77514529e-01   5.47433972e-01   5.75646125e-02
   6.28175676e-01   5.86874723e-01   5.55082858e-01   6.09145276e-02
   6.27048731e-01   5.61432242e-01   5.38616478e-01   6.83755428e-02
   6.26502037e-01   5.81476867e-01   4.38758880e-01   7.76853114e-02
   6.27613425e-01   6.17970169e-01   4.93560284e-01]
Squared sum of errors between actual and predicted output: 0.10673943387997048

Actual ouput state iteration 33:
[  1.80000000e-03   0.00000000e+00   1.00000000e-04   0.00000000e+00
   0.00000000e+00   5.83333333e-01   6.36363636e-01   0.00000000e+00
   6.25000000e-01   5.83333333e-01   6.36363636e-01   0.00000000e+00
   8.75000000e-01   5.83333333e-01   6.36363636e-01   0.00000000e+00
   1.25000000e-01   5.83333333e-01   6.36363636e-01   6.94444444e-03
   8.75000000e-01   6.66666667e-01   6.36363636e-01   6.94444444e-03
   6.25000000e-01   6.66666667e-01   6.36363636e-01   6.94444444e-03
   6.25000000e-01   5.00000000e-01   6.36363636e-01   8.26446281e-03
   6.25000000e-01   5.83333333e-01   5.45454545e-01   1.52089073e-02
   6.25000000e-01   6.66666667e-01   5.45454545e-01   1.52089073e-02
   6.25000000e-01   5.00000000e-01   5.45454545e-01   2.77777778e-02
   6.25000000e-01   4.16666667e-01   6.36363636e-01]
Predicted output state:
[  2.65041366e-03   4.03873068e-09   1.00023746e-04   4.73289008e-09
   2.95566105e-09   7.38241553e-01   6.69550180e-01   3.98178512e-09
   1.24126792e-01   7.38241613e-01   6.69550180e-01   2.02494636e-02
   6.39281154e-01   6.24962389e-01   6.26444578e-01   2.67494265e-02
   6.26079679e-01   5.80272257e-01   6.02828503e-01   2.95522697e-02
   6.34529412e-01   6.18819773e-01   6.03352845e-01   4.46905568e-02
   6.27321839e-01   6.15570009e-01   5.51073492e-01   5.00606112e-02
   6.26578391e-01   5.33463597e-01   5.62375963e-01   5.79495095e-02
   6.26788259e-01   5.45244098e-01   5.87412477e-01   6.22090809e-02
   6.25429928e-01   5.50338864e-01   5.47079802e-01   7.01645687e-02
   6.25258565e-01   5.23794055e-01   4.97686416e-01   7.94409737e-02
   6.26494467e-01   5.80037415e-01   4.87002432e-01]
Squared sum of errors between actual and predicted output: 0.12541854628296026

Actual ouput state iteration 34:
[  1.80000000e-03   0.00000000e+00   1.00000000e-04   0.00000000e+00
   0.00000000e+00   5.83333333e-01   7.27272727e-01   0.00000000e+00
   1.25000000e-01   5.83333333e-01   7.27272727e-01   8.26446281e-03
   6.25000000e-01   5.83333333e-01   6.36363636e-01   8.26446281e-03
   8.75000000e-01   5.83333333e-01   6.36363636e-01   1.52089073e-02
   8.75000000e-01   6.66666667e-01   6.36363636e-01   1.52089073e-02
   6.25000000e-01   6.66666667e-01   6.36363636e-01   1.52089073e-02
   6.25000000e-01   5.00000000e-01   6.36363636e-01   3.30578512e-02
   6.25000000e-01   5.83333333e-01   5.45454545e-01   3.60422406e-02
   6.25000000e-01   4.16666667e-01   6.36363636e-01   4.00022957e-02
   6.25000000e-01   6.66666667e-01   5.45454545e-01   4.00022957e-02
   6.25000000e-01   5.00000000e-01   5.45454545e-01]
Predicted output state:
[  2.69107684e-03   1.43001144e-09   9.99970434e-05   1.51262736e-09
   8.19349699e-10   6.89923584e-01   6.13378644e-01   1.20491173e-09
   8.46598983e-01   6.89923644e-01   6.13378644e-01   3.72431412e-18
   7.79736340e-01   6.09544337e-01   5.84528327e-01   1.06203271e-22
   1.80062816e-01   5.65095603e-01   5.86465061e-01   1.95719609e-22
   8.21582913e-01   5.77252924e-01   5.52804708e-01   2.31607857e-20
   6.48116231e-01   6.11837268e-01   5.17542481e-01   5.72105874e-19
   6.48062170e-01   4.98575360e-01   5.07385194e-01   3.78170639e-19
   6.42444611e-01   4.34628934e-01   5.40006578e-01   1.28987336e-21
   6.40383899e-01   4.82151687e-01   5.59216976e-01   1.77671571e-18
   6.38092399e-01   5.80479324e-01   4.94298607e-01   1.66791799e-18
   6.34443104e-01   5.15064299e-01   4.62947011e-01]
Squared sum of errors between actual and predicted output: 0.2513245932136934

Actual ouput state iteration 35:
[  1.80000000e-03   0.00000000e+00   1.00000000e-04   0.00000000e+00
   0.00000000e+00   5.00000000e-01   7.27272727e-01   0.00000000e+00
   1.25000000e-01   5.00000000e-01   7.27272727e-01   8.26446281e-03
   6.25000000e-01   5.00000000e-01   6.36363636e-01   1.52089073e-02
   6.25000000e-01   4.16666667e-01   6.36363636e-01   1.52089073e-02
   8.75000000e-01   5.83333333e-01   6.36363636e-01   1.52089073e-02
   6.25000000e-01   5.83333333e-01   6.36363636e-01   3.30578512e-02
   6.25000000e-01   5.00000000e-01   5.45454545e-01   3.60422406e-02
   6.25000000e-01   6.66666667e-01   6.36363636e-01   3.60422406e-02
   6.25000000e-01   3.33333333e-01   6.36363636e-01   4.00022957e-02
   6.25000000e-01   4.16666667e-01   5.45454545e-01   4.00022957e-02
   6.25000000e-01   5.83333333e-01   5.45454545e-01]
Predicted output state:
[  2.64340220e-03   4.77842477e-09   1.00022218e-04   5.67684744e-09
   3.46228668e-09   6.99069202e-01   7.13998079e-01   4.65917571e-09
   1.25453055e-01   6.99069202e-01   7.13998079e-01   1.95684340e-02
   6.39789939e-01   5.84626675e-01   6.66368663e-01   2.56162174e-02
   6.27184451e-01   5.41717887e-01   6.38776243e-01   2.84249634e-02
   6.35908425e-01   5.83715796e-01   6.35973275e-01   4.30176780e-02
   6.27181828e-01   5.93156159e-01   5.84907174e-01   4.79519293e-02
   6.26995385e-01   5.01925409e-01   5.99233568e-01   5.62219247e-02
   6.26453698e-01   5.17210424e-01   5.97356260e-01   5.98288439e-02
   6.25216186e-01   5.24907231e-01   5.70700288e-01   6.76188394e-02
   6.25110805e-01   5.00762582e-01   5.15368044e-01   7.64634609e-02
   6.25994325e-01   5.70969701e-01   5.19440949e-01]
Squared sum of errors between actual and predicted output: 0.22778537401166984

Actual ouput state iteration 36:
[  1.80000000e-03   0.00000000e+00   1.00000000e-04   0.00000000e+00
   0.00000000e+00   4.16666667e-01   7.27272727e-01   0.00000000e+00
   1.25000000e-01   4.16666667e-01   7.27272727e-01   8.26446281e-03
   6.25000000e-01   4.16666667e-01   6.36363636e-01   1.52089073e-02
   6.25000000e-01   5.00000000e-01   6.36363636e-01   1.52089073e-02
   6.25000000e-01   3.33333333e-01   6.36363636e-01   3.30578512e-02
   6.25000000e-01   4.16666667e-01   5.45454545e-01   3.60422406e-02
   6.25000000e-01   5.83333333e-01   6.36363636e-01   3.60422406e-02
   6.25000000e-01   2.50000000e-01   6.36363636e-01   4.00022957e-02
   6.25000000e-01   5.00000000e-01   5.45454545e-01   4.00022957e-02
   6.25000000e-01   3.33333333e-01   5.45454545e-01   6.08356290e-02
   6.25000000e-01   5.83333333e-01   5.45454545e-01]
Predicted output state:
[  2.65049189e-03   5.92031757e-09   1.00024889e-04   7.12616322e-09
   4.09015133e-09   5.70830762e-01   7.83098936e-01   5.70417713e-09
   1.25322223e-01   5.70830822e-01   7.83098936e-01   2.29344852e-02
   6.37406647e-01   5.03855169e-01   7.10888982e-01   2.94276327e-02
   6.26658022e-01   4.68525231e-01   6.83974326e-01   3.29918265e-02
   6.35082543e-01   5.13742626e-01   6.71752512e-01   4.85489927e-02
   6.26954734e-01   5.55967093e-01   6.21990263e-01   5.29236645e-02
   6.26266003e-01   4.52590227e-01   6.47097111e-01   6.38045296e-02
   6.26035571e-01   4.63501722e-01   6.03366554e-01   6.68721721e-02
   6.25353217e-01   4.61021334e-01   6.08641326e-01   7.46221915e-02
   6.25057518e-01   4.74158227e-01   5.17753065e-01   8.32816437e-02
   6.25376701e-01   5.75237572e-01   5.69885135e-01]
Squared sum of errors between actual and predicted output: 0.1753517017383579

Actual ouput state iteration 37:
[  1.80000000e-03   0.00000000e+00   1.00000000e-04   0.00000000e+00
   0.00000000e+00   3.33333333e-01   7.27272727e-01   0.00000000e+00
   1.25000000e-01   3.33333333e-01   7.27272727e-01   8.26446281e-03
   6.25000000e-01   3.33333333e-01   6.36363636e-01   1.52089073e-02
   6.25000000e-01   2.50000000e-01   6.36363636e-01   1.52089073e-02
   6.25000000e-01   4.16666667e-01   6.36363636e-01   3.30578512e-02
   6.25000000e-01   3.33333333e-01   5.45454545e-01   3.60422406e-02
   6.25000000e-01   5.00000000e-01   6.36363636e-01   4.00022957e-02
   6.25000000e-01   2.50000000e-01   5.45454545e-01   4.00022957e-02
   6.25000000e-01   4.16666667e-01   5.45454545e-01   6.08356290e-02
   6.25000000e-01   5.00000000e-01   5.45454545e-01   7.07644628e-02
   6.25000000e-01   5.83333333e-01   6.36363636e-01]
Predicted output state:
[  2.65825400e-03   1.58212146e-08   1.00032805e-04   1.92962464e-08
   1.19770389e-08   3.35272431e-01   7.80325592e-01   1.41867265e-08
   1.31393909e-01   3.35272521e-01   7.80325711e-01   2.56906804e-02
   6.35419369e-01   3.49510431e-01   6.88055754e-01   3.49511430e-02
   6.30184829e-01   3.44250500e-01   6.48724675e-01   3.97246443e-02
   6.38110578e-01   3.96356881e-01   6.60885394e-01   5.72930984e-02
   6.25153482e-01   4.18571144e-01   6.17512405e-01   6.25526011e-02
   6.27334058e-01   3.63995790e-01   6.10518754e-01   7.42100105e-02
   6.23394191e-01   3.95940542e-01   5.96030831e-01   7.98174366e-02
   6.23504281e-01   4.23911214e-01   5.77351987e-01   8.91549066e-02
   6.23628914e-01   3.50132942e-01   5.48916578e-01   9.83587056e-02
   6.23860836e-01   4.43526119e-01   5.35780132e-01]
Squared sum of errors between actual and predicted output: 0.1684973416506377

Actual ouput state iteration 38:
[  1.90000000e-03   0.00000000e+00   1.00000000e-04   0.00000000e+00
   0.00000000e+00   3.33333333e-01   6.36363636e-01   0.00000000e+00
   1.25000000e-01   3.33333333e-01   6.36363636e-01   0.00000000e+00
   8.75000000e-01   3.33333333e-01   6.36363636e-01   0.00000000e+00
   6.25000000e-01   3.33333333e-01   6.36363636e-01   6.94444444e-03
   6.25000000e-01   2.50000000e-01   6.36363636e-01   6.94444444e-03
   6.25000000e-01   4.16666667e-01   6.36363636e-01   8.26446281e-03
   6.25000000e-01   3.33333333e-01   5.45454545e-01   1.52089073e-02
   6.25000000e-01   2.50000000e-01   5.45454545e-01   1.52089073e-02
   6.25000000e-01   4.16666667e-01   5.45454545e-01   2.77777778e-02
   6.25000000e-01   5.00000000e-01   6.36363636e-01   3.30578512e-02
   6.25000000e-01   3.33333333e-01   4.54545455e-01]
Predicted output state:
[  2.60386989e-03   1.01084616e-08   1.00010009e-04   1.26426274e-08
   7.40209805e-09   2.97936857e-01   7.60042846e-01   9.75689574e-09
   1.33304998e-01   2.97936797e-01   7.60042906e-01   1.53320907e-02
   6.41362727e-01   2.99044132e-01   7.11796939e-01   1.98723432e-02
   6.32140517e-01   2.93766797e-01   6.74249947e-01   2.31019519e-02
   6.40374422e-01   3.42262208e-01   6.70597017e-01   3.48840989e-02
   6.27654254e-01   3.90519798e-01   6.38278663e-01   3.82963791e-02
   6.28320038e-01   3.20606023e-01   6.61116958e-01   4.76616547e-02
   6.24393582e-01   3.51393044e-01   5.69312632e-01   4.89308313e-02
   6.24964654e-01   3.75742525e-01   6.03119850e-01   5.62299453e-02
   6.24784827e-01   3.31684768e-01   5.24127364e-01   6.34330809e-02
   6.23940110e-01   4.54985470e-01   6.03823841e-01]
Squared sum of errors between actual and predicted output: 0.1294267048225099

Actual ouput state iteration 39:
[  2.00000000e-03   0.00000000e+00   1.00000000e-04   0.00000000e+00
   0.00000000e+00   2.50000000e-01   6.36363636e-01   0.00000000e+00
   1.25000000e-01   2.50000000e-01   6.36363636e-01   0.00000000e+00
   8.75000000e-01   2.50000000e-01   6.36363636e-01   0.00000000e+00
   6.25000000e-01   2.50000000e-01   6.36363636e-01   6.94444444e-03
   8.75000000e-01   3.33333333e-01   6.36363636e-01   6.94444444e-03
   6.25000000e-01   3.33333333e-01   6.36363636e-01   8.26446281e-03
   6.25000000e-01   2.50000000e-01   5.45454545e-01   1.52089073e-02
   6.25000000e-01   3.33333333e-01   5.45454545e-01   2.77777778e-02
   6.25000000e-01   4.16666667e-01   6.36363636e-01   3.30578512e-02
   6.25000000e-01   2.50000000e-01   4.54545455e-01   3.60422406e-02
   6.25000000e-01   4.16666667e-01   5.45454545e-01]
Predicted output state:
[  2.57828482e-03   2.08325623e-08   9.99720578e-05   2.61214677e-08
   1.74431491e-08   2.99966335e-01   6.62061274e-01   1.89553173e-08
   1.39200494e-01   2.99966395e-01   6.62061334e-01   1.26850232e-02
   6.45990610e-01   2.94112235e-01   6.42639697e-01   1.77155677e-02
   6.36160076e-01   2.97138870e-01   5.92997074e-01   2.02780254e-02
   6.44577026e-01   3.58150005e-01   6.21065617e-01   3.18687111e-02
   6.27122700e-01   3.41251075e-01   5.95297873e-01   3.64431292e-02
   6.31366014e-01   2.90909261e-01   5.67068875e-01   4.19974402e-02
   6.23273194e-01   3.96580726e-01   5.67853212e-01   4.56831232e-02
   6.23207927e-01   4.46840495e-01   5.36092341e-01   5.38249165e-02
   6.24157488e-01   2.91115999e-01   5.49517810e-01   6.20875694e-02
   6.23998523e-01   2.82581389e-01   5.35435796e-01]
Squared sum of errors between actual and predicted output: 0.17161005735571597

Actual ouput state iteration 40:
[  2.00000000e-03   0.00000000e+00   1.00000000e-04   0.00000000e+00
   0.00000000e+00   1.66666667e-01   6.36363636e-01   0.00000000e+00
   1.25000000e-01   1.66666667e-01   6.36363636e-01   6.94444444e-03
   8.75000000e-01   2.50000000e-01   6.36363636e-01   6.94444444e-03
   6.25000000e-01   2.50000000e-01   6.36363636e-01   1.52089073e-02
   6.25000000e-01   2.50000000e-01   5.45454545e-01   2.77777778e-02
   6.25000000e-01   3.33333333e-01   6.36363636e-01   2.77777778e-02
   8.75000000e-01   3.33333333e-01   6.36363636e-01   3.60422406e-02
   6.25000000e-01   3.33333333e-01   5.45454545e-01   4.00022957e-02
   6.25000000e-01   2.50000000e-01   4.54545455e-01   6.08356290e-02
   6.25000000e-01   3.33333333e-01   4.54545455e-01   6.25000000e-02
   6.25000000e-01   4.16666667e-01   6.36363636e-01]
Predicted output state:
[  2.58986326e-03   1.72676078e-08   9.99880795e-05   2.17458549e-08
   1.42757033e-08   2.45734990e-01   6.33514225e-01   1.62629270e-08
   1.38088956e-01   2.45734900e-01   6.33514225e-01   1.31978150e-02
   6.44692838e-01   2.73693532e-01   6.10810518e-01   1.85266715e-02
   6.35100961e-01   2.77042508e-01   5.67186296e-01   2.12531388e-02
   6.43244863e-01   3.38646322e-01   5.96861959e-01   3.32396924e-02
   6.27252400e-01   3.30265850e-01   5.69948494e-01   3.78072858e-02
   6.30524933e-01   2.87804514e-01   5.43069482e-01   4.38899212e-02
   6.23336971e-01   3.73749077e-01   5.55359960e-01   4.76501286e-02
   6.23598576e-01   4.24710989e-01   5.24853349e-01   5.58209009e-02
   6.24180496e-01   2.86965162e-01   5.26577830e-01   6.41316548e-02
   6.24114275e-01   3.03812802e-01   5.12763917e-01]
Squared sum of errors between actual and predicted output: 0.16069656481073186

Actual ouput state iteration 41:
[  2.00000000e-03   0.00000000e+00   1.00000000e-04   0.00000000e+00
   0.00000000e+00   1.66666667e-01   7.27272727e-01   0.00000000e+00
   1.25000000e-01   1.66666667e-01   7.27272727e-01   1.52089073e-02
   6.25000000e-01   2.50000000e-01   6.36363636e-01   1.52089073e-02
   8.75000000e-01   2.50000000e-01   6.36363636e-01   3.60422406e-02
   6.25000000e-01   3.33333333e-01   6.36363636e-01   4.00022957e-02
   6.25000000e-01   2.50000000e-01   5.45454545e-01   6.08356290e-02
   6.25000000e-01   3.33333333e-01   5.45454545e-01   7.07644628e-02
   6.25000000e-01   4.16666667e-01   6.36363636e-01   8.13246097e-02
   6.25000000e-01   2.50000000e-01   4.54545455e-01   9.55578512e-02
   6.25000000e-01   4.16666667e-01   5.45454545e-01   1.02157943e-01
   6.25000000e-01   3.33333333e-01   4.54545455e-01]
Predicted output state:
[  2.58094608e-03   7.51162688e-09   9.99822660e-05   9.19503318e-09
   5.49443868e-09   1.99871644e-01   6.56333506e-01   7.60803243e-09
   1.32769898e-01   1.99871704e-01   6.56333566e-01   1.38269747e-02
   6.41043723e-01   2.44343147e-01   6.25216484e-01   1.76512580e-02
   6.30768001e-01   2.54300475e-01   5.95307231e-01   2.12093331e-02
   6.37009144e-01   2.91916341e-01   5.84838390e-01   3.16088572e-02
   6.29894495e-01   3.36955547e-01   5.68372369e-01   3.46218832e-02
   6.27215147e-01   2.94640213e-01   6.17571592e-01   4.41885889e-02
   6.24849081e-01   3.32303882e-01   4.92290825e-01   4.44405228e-02
   6.26743317e-01   3.37307513e-01   5.67017734e-01   5.13268635e-02
   6.26081944e-01   3.05682540e-01   4.37128186e-01   5.82288466e-02
   6.24553144e-01   4.14436847e-01   6.06451273e-01]
Squared sum of errors between actual and predicted output: 0.15657883306870324



Maximum SSE occurred: 1.0197629059164892
Total SSE: 8.91522783056856
Variance output object: 
[  3.08015143e-07   0.00000000e+00   1.65303893e-39   0.00000000e+00
   0.00000000e+00   3.22471606e-02   2.82484613e-02   0.00000000e+00
   1.05800433e-01   3.22471606e-02   2.82484613e-02   1.72533969e-05
   5.30692266e-02   2.37515774e-02   1.86386208e-02   4.65852137e-05
   6.46971336e-02   2.57496545e-02   1.80665001e-02   4.87416990e-05
   1.62249865e-02   2.62679526e-02   1.82542272e-02   1.17906597e-04
   1.03434289e-02   1.77949042e-02   1.57422596e-02   1.92571251e-04
   8.51811790e-03   1.86812692e-02   1.24883229e-02   2.50993095e-04
   4.05624662e-03   1.82606214e-02   1.09149909e-02   2.89005543e-04
   4.05624662e-03   1.65930533e-02   1.40527156e-02   3.94016239e-04
   1.41968632e-03   1.64353104e-02   1.22737777e-02   5.27050805e-04
   2.77176852e-03   1.95601226e-02   1.28727165e-02]
Variance predicted object: 
[  2.22849067e-07   1.43574223e-15   1.66573307e-15   2.07990761e-15
   9.47003164e-16   4.36183922e-02   3.86197455e-02   9.19093005e-16
   1.11777641e-01   4.36184146e-02   3.86197492e-02   7.79552283e-05
   2.79114321e-02   2.54081562e-02   2.02707369e-02   1.40927616e-04
   3.06191687e-02   2.04191580e-02   1.72722638e-02   1.86096921e-04
   5.42054372e-03   1.74804237e-02   1.50546404e-02   3.87000706e-04
   5.46776457e-04   1.56431608e-02   1.18616018e-02   4.74335800e-04
   1.52072764e-03   1.25498828e-02   1.03930365e-02   6.81306992e-04
   3.24023073e-04   1.12661552e-02   7.66157405e-03   7.62081239e-04
   2.10376151e-04   5.50283818e-03   7.19902944e-03   9.45409352e-04
   1.10099565e-04   1.34766325e-02   7.18987035e-03   1.18216721e-03
   1.56877679e-04   1.17544504e-02   7.88130797e-03]