Game: ZenPuzzle
File: 5-101_4.txt
Actual ouput state iteration 0:
[  1.00000000e-04   0.00000000e+00   1.00000000e-04   0.00000000e+00
   0.00000000e+00   2.50000000e-01   4.54545455e-01   0.00000000e+00
   8.75000000e-01   2.50000000e-01   4.54545455e-01   0.00000000e+00
   6.25000000e-01   2.50000000e-01   4.54545455e-01   0.00000000e+00
   1.25000000e-01   2.50000000e-01   4.54545455e-01   6.94444444e-03
   6.25000000e-01   3.33333333e-01   4.54545455e-01   8.26446281e-03
   6.25000000e-01   2.50000000e-01   5.45454545e-01   8.26446281e-03
   6.25000000e-01   2.50000000e-01   3.63636364e-01   1.52089073e-02
   6.25000000e-01   3.33333333e-01   3.63636364e-01   1.52089073e-02
   6.25000000e-01   3.33333333e-01   5.45454545e-01   2.77777778e-02
   6.25000000e-01   4.16666667e-01   4.54545455e-01   3.30578512e-02
   6.25000000e-01   2.50000000e-01   2.72727273e-01]
Predicted output state:
[  2.62209307e-03   2.53526679e-07   9.99964759e-05   3.04703235e-07
   2.05780069e-07   8.29546377e-02   4.93357211e-01   2.03103539e-07
   1.31136104e-01   8.29545632e-02   4.93357211e-01   2.23819949e-02
   6.38763011e-01   2.34289527e-01   5.17449737e-01   2.92246733e-02
   6.26818061e-01   2.27217585e-01   4.76044565e-01   3.43984775e-02
   6.32690251e-01   2.80570537e-01   4.97273743e-01   4.94312719e-02
   6.27023280e-01   3.08909476e-01   5.83357871e-01   5.48253693e-02
   6.30846798e-01   2.63094157e-01   4.30738896e-01   6.42387345e-02
   6.26524627e-01   2.92843282e-01   4.70218778e-01   6.81910515e-02
   6.23294532e-01   3.60705197e-01   3.96940202e-01   7.86002427e-02
   6.23899877e-01   3.37769747e-01   5.49491823e-01   8.86587501e-02
   6.25367761e-01   3.10867727e-01   6.07618332e-01]
Squared sum of errors between actual and predicted output: 0.1293727372522301

Actual ouput state iteration 1:
[  2.00000000e-04   0.00000000e+00   1.00000000e-04   0.00000000e+00
   0.00000000e+00   3.33333333e-01   4.54545455e-01   0.00000000e+00
   1.25000000e-01   3.33333333e-01   4.54545455e-01   0.00000000e+00
   8.75000000e-01   3.33333333e-01   4.54545455e-01   0.00000000e+00
   6.25000000e-01   3.33333333e-01   4.54545455e-01   6.94444444e-03
   6.25000000e-01   2.50000000e-01   4.54545455e-01   6.94444444e-03
   8.75000000e-01   2.50000000e-01   4.54545455e-01   6.94444444e-03
   6.25000000e-01   4.16666667e-01   4.54545455e-01   8.26446281e-03
   6.25000000e-01   3.33333333e-01   3.63636364e-01   8.26446281e-03
   6.25000000e-01   3.33333333e-01   5.45454545e-01   1.52089073e-02
   6.25000000e-01   2.50000000e-01   3.63636364e-01   1.52089073e-02
   6.25000000e-01   2.50000000e-01   5.45454545e-01]
Predicted output state:
[  2.38327775e-03   2.72036482e-09   9.99509066e-05   2.93998559e-09
   1.85792870e-09   2.70897865e-01   3.78851742e-01   2.40649456e-09
   8.61058474e-01   2.70897865e-01   3.78851891e-01   3.12693032e-17
   7.37555981e-01   2.72924602e-01   4.68741536e-01   2.33893113e-21
   2.17063546e-01   2.92455941e-01   4.55361664e-01   4.58575078e-21
   8.14162850e-01   2.97841936e-01   4.43050027e-01   3.87249438e-19
   6.56073034e-01   3.10428679e-01   4.63974595e-01   7.43138980e-18
   6.61677539e-01   3.05173159e-01   4.66610253e-01   5.43206985e-18
   6.43729925e-01   2.91483939e-01   4.01394457e-01   2.94298163e-20
   6.43580556e-01   3.71762842e-01   4.74890530e-01   2.36728305e-17
   6.40305102e-01   3.04943532e-01   4.41627771e-01   2.32006146e-17
   6.35532796e-01   2.85894036e-01   4.99500066e-01]
Squared sum of errors between actual and predicted output: 0.17817977888914804

Actual ouput state iteration 2:
[  3.00000000e-04   0.00000000e+00   1.00000000e-04   0.00000000e+00
   0.00000000e+00   3.33333333e-01   5.45454545e-01   0.00000000e+00
   6.25000000e-01   3.33333333e-01   5.45454545e-01   0.00000000e+00
   8.75000000e-01   3.33333333e-01   5.45454545e-01   0.00000000e+00
   1.25000000e-01   3.33333333e-01   5.45454545e-01   6.94444444e-03
   6.25000000e-01   2.50000000e-01   5.45454545e-01   6.94444444e-03
   6.25000000e-01   4.16666667e-01   5.45454545e-01   8.26446281e-03
   6.25000000e-01   3.33333333e-01   4.54545455e-01   8.26446281e-03
   8.75000000e-01   3.33333333e-01   4.54545455e-01   8.26446281e-03
   6.25000000e-01   3.33333333e-01   6.36363636e-01   1.52089073e-02
   8.75000000e-01   2.50000000e-01   4.54545455e-01   1.52089073e-02
   6.25000000e-01   2.50000000e-01   4.54545455e-01]
Predicted output state:
[  2.53192754e-03   2.90702507e-09   9.98997275e-05   3.28588934e-09
   2.12787610e-09   2.15842158e-01   3.95140111e-01   3.19445403e-09
   1.28719106e-01   2.15842322e-01   3.95140082e-01   1.10793998e-02
   6.42007768e-01   2.69661069e-01   4.35621947e-01   1.34277428e-02
   6.26216769e-01   2.97673494e-01   4.29340750e-01   1.69670153e-02
   6.29000306e-01   3.14564705e-01   4.01031733e-01   2.48524509e-02
   6.34745061e-01   3.36200088e-01   4.14187938e-01   2.74994895e-02
   6.25012755e-01   3.21847975e-01   5.25160789e-01   3.59815545e-02
   6.26985133e-01   3.99639308e-01   3.54043752e-01   3.48807350e-02
   6.30589545e-01   3.42811614e-01   4.91237551e-01   4.09181491e-02
   6.29302084e-01   3.39621007e-01   2.77621955e-01   4.73874472e-02
   6.26834691e-01   3.63932759e-01   6.03966236e-01]
Squared sum of errors between actual and predicted output: 0.22682802323666904

Actual ouput state iteration 3:
[  4.00000000e-04   0.00000000e+00   1.00000000e-04   0.00000000e+00
   0.00000000e+00   4.16666667e-01   5.45454545e-01   0.00000000e+00
   1.25000000e-01   4.16666667e-01   5.45454545e-01   0.00000000e+00
   8.75000000e-01   4.16666667e-01   5.45454545e-01   0.00000000e+00
   6.25000000e-01   4.16666667e-01   5.45454545e-01   6.94444444e-03
   6.25000000e-01   5.00000000e-01   5.45454545e-01   6.94444444e-03
   6.25000000e-01   3.33333333e-01   5.45454545e-01   6.94444444e-03
   8.75000000e-01   3.33333333e-01   5.45454545e-01   8.26446281e-03
   6.25000000e-01   4.16666667e-01   4.54545455e-01   8.26446281e-03
   6.25000000e-01   4.16666667e-01   6.36363636e-01   1.52089073e-02
   6.25000000e-01   5.00000000e-01   4.54545455e-01   1.52089073e-02
   8.75000000e-01   3.33333333e-01   4.54545455e-01]
Predicted output state:
[  2.48727365e-03   2.57653809e-09   9.99572803e-05   2.81118129e-09
   1.67470271e-09   3.66934448e-01   4.81697500e-01   2.22239849e-09
   8.59806180e-01   3.66934419e-01   4.81697619e-01   8.14965140e-18
   7.61159778e-01   3.29664618e-01   5.47443748e-01   3.82292244e-22
   2.01465324e-01   3.35445970e-01   5.31143069e-01   7.43775573e-22
   8.20259154e-01   3.43380988e-01   5.09122431e-01   7.52569568e-20
   6.52982831e-01   3.69794756e-01   5.15913308e-01   1.64004345e-18
   6.56801343e-01   3.29131037e-01   5.18449426e-01   1.16689780e-18
   6.42388403e-01   3.08168918e-01   4.48831707e-01   4.96680276e-21
   6.41920269e-01   3.87485564e-01   5.21489620e-01   5.27722826e-18
   6.39289200e-01   3.53864253e-01   4.78899568e-01   5.11687558e-18
   6.34198248e-01   3.27588111e-01   5.24507761e-01]
Squared sum of errors between actual and predicted output: 0.2915840700945395

Actual ouput state iteration 4:
[  5.00000000e-04   0.00000000e+00   1.00000000e-04   0.00000000e+00
   0.00000000e+00   5.00000000e-01   5.45454545e-01   0.00000000e+00
   6.25000000e-01   5.00000000e-01   5.45454545e-01   0.00000000e+00
   8.75000000e-01   5.00000000e-01   5.45454545e-01   0.00000000e+00
   1.25000000e-01   5.00000000e-01   5.45454545e-01   6.94444444e-03
   6.25000000e-01   4.16666667e-01   5.45454545e-01   6.94444444e-03
   8.75000000e-01   4.16666667e-01   5.45454545e-01   6.94444444e-03
   6.25000000e-01   5.83333333e-01   5.45454545e-01   8.26446281e-03
   6.25000000e-01   5.00000000e-01   4.54545455e-01   8.26446281e-03
   6.25000000e-01   5.00000000e-01   6.36363636e-01   1.52089073e-02
   6.25000000e-01   4.16666667e-01   4.54545455e-01   1.52089073e-02
   6.25000000e-01   5.83333333e-01   4.54545455e-01]
Predicted output state:
[  2.58195866e-03   5.84039439e-09   9.99916156e-05   7.00967639e-09
   4.69129580e-09   4.42949980e-01   5.30156612e-01   5.93166583e-09
   1.33112982e-01   4.42950159e-01   5.30156732e-01   1.12393927e-02
   6.44674420e-01   3.88454467e-01   5.57348013e-01   1.50202774e-02
   6.31971240e-01   3.82468492e-01   5.24827957e-01   1.75232776e-02
   6.39333546e-01   4.25080687e-01   5.38211823e-01   2.74196640e-02
   6.29328728e-01   4.16224629e-01   5.16999424e-01   3.12780105e-02
   6.28706455e-01   3.87136281e-01   5.34778357e-01   3.75229008e-02
   6.25285804e-01   4.29380387e-01   5.04131615e-01   3.91672142e-02
   6.25795841e-01   4.61981684e-01   5.02566099e-01   4.61152606e-02
   6.25622094e-01   3.53047937e-01   4.61081266e-01   5.33238985e-02
   6.25406623e-01   4.20427948e-01   5.06369770e-01]
Squared sum of errors between actual and predicted output: 0.2572672126661568

Actual ouput state iteration 5:
[  6.00000000e-04   0.00000000e+00   1.00000000e-04   0.00000000e+00
   0.00000000e+00   5.83333333e-01   5.45454545e-01   0.00000000e+00
   1.25000000e-01   5.83333333e-01   5.45454545e-01   0.00000000e+00
   6.25000000e-01   5.83333333e-01   5.45454545e-01   0.00000000e+00
   8.75000000e-01   5.83333333e-01   5.45454545e-01   6.94444444e-03
   6.25000000e-01   6.66666667e-01   5.45454545e-01   6.94444444e-03
   6.25000000e-01   5.00000000e-01   5.45454545e-01   6.94444444e-03
   8.75000000e-01   5.00000000e-01   5.45454545e-01   8.26446281e-03
   6.25000000e-01   5.83333333e-01   4.54545455e-01   8.26446281e-03
   6.25000000e-01   5.83333333e-01   6.36363636e-01   1.52089073e-02
   6.25000000e-01   6.66666667e-01   4.54545455e-01   1.52089073e-02
   6.25000000e-01   6.66666667e-01   6.36363636e-01]
Predicted output state:
[  2.51397584e-03   1.75750881e-09   9.99822660e-05   1.86862237e-09
   1.05796383e-09   5.91681182e-01   5.66918492e-01   1.50540302e-09
   8.50052774e-01   5.91681123e-01   5.66918433e-01   2.44216788e-17
   7.48075426e-01   5.18880963e-01   5.69592595e-01   1.35032237e-21
   2.02672079e-01   4.91591454e-01   5.64859033e-01   2.50192792e-21
   8.14457595e-01   5.01970410e-01   5.35600841e-01   2.29821380e-19
   6.52415633e-01   5.33765018e-01   5.15308380e-01   4.69350303e-18
   6.56339705e-01   4.45153803e-01   5.11831701e-01   3.26527582e-18
   6.44421458e-01   4.00512040e-01   5.06361365e-01   1.56680852e-20
   6.42396927e-01   4.53371823e-01   5.42574406e-01   1.44018530e-17
   6.39428616e-01   5.04756927e-01   4.85807091e-01   1.37640116e-17
   6.35884941e-01   4.56678778e-01   4.85329390e-01]
Squared sum of errors between actual and predicted output: 0.2715830970966579

Actual ouput state iteration 6:
[  7.00000000e-04   0.00000000e+00   1.00000000e-04   0.00000000e+00
   0.00000000e+00   5.83333333e-01   4.54545455e-01   0.00000000e+00
   6.25000000e-01   5.83333333e-01   4.54545455e-01   0.00000000e+00
   8.75000000e-01   5.83333333e-01   4.54545455e-01   0.00000000e+00
   1.25000000e-01   5.83333333e-01   4.54545455e-01   6.94444444e-03
   6.25000000e-01   6.66666667e-01   4.54545455e-01   6.94444444e-03
   6.25000000e-01   5.00000000e-01   4.54545455e-01   8.26446281e-03
   6.25000000e-01   5.83333333e-01   3.63636364e-01   8.26446281e-03
   6.25000000e-01   5.83333333e-01   5.45454545e-01   8.26446281e-03
   8.75000000e-01   5.83333333e-01   5.45454545e-01   1.52089073e-02
   6.25000000e-01   6.66666667e-01   3.63636364e-01   1.52089073e-02
   6.25000000e-01   6.66666667e-01   5.45454545e-01]
Predicted output state:
[  2.59446423e-03   2.09425099e-09   9.99521435e-05   2.37232811e-09
   1.43340850e-09   6.89362705e-01   5.97889543e-01   2.19605845e-09
   1.21840060e-01   6.89362884e-01   5.97889543e-01   1.61683764e-02
   6.40828609e-01   5.86714983e-01   5.85733116e-01   1.97329223e-02
   6.23565137e-01   5.57098210e-01   5.74264944e-01   2.28505358e-02
   6.29603565e-01   5.79090536e-01   5.41331232e-01   3.40612456e-02
   6.31499588e-01   5.96522152e-01   5.09112537e-01   3.77663188e-02
   6.25160575e-01   5.03679574e-01   5.88743925e-01   4.63539064e-02
   6.28551006e-01   5.48481047e-01   5.00095010e-01   4.70225550e-02
   6.28739834e-01   4.92674679e-01   5.57100773e-01   5.35624288e-02
   6.27992034e-01   5.39154112e-01   3.84295523e-01   6.15088195e-02
   6.27632678e-01   5.58447957e-01   5.76289892e-01]
Squared sum of errors between actual and predicted output: 0.24081895364094974

Actual ouput state iteration 7:
[  8.00000000e-04   0.00000000e+00   1.00000000e-04   0.00000000e+00
   0.00000000e+00   5.83333333e-01   3.63636364e-01   0.00000000e+00
   8.75000000e-01   5.83333333e-01   3.63636364e-01   0.00000000e+00
   1.25000000e-01   5.83333333e-01   3.63636364e-01   0.00000000e+00
   6.25000000e-01   5.83333333e-01   3.63636364e-01   6.94444444e-03
   6.25000000e-01   6.66666667e-01   3.63636364e-01   6.94444444e-03
   6.25000000e-01   5.00000000e-01   3.63636364e-01   8.26446281e-03
   6.25000000e-01   5.83333333e-01   4.54545455e-01   8.26446281e-03
   8.75000000e-01   5.83333333e-01   4.54545455e-01   8.26446281e-03
   6.25000000e-01   5.83333333e-01   2.72727273e-01   1.52089073e-02
   6.25000000e-01   6.66666667e-01   4.54545455e-01   1.52089073e-02
   6.25000000e-01   6.66666667e-01   2.72727273e-01]
Predicted output state:
[  2.63855653e-03   1.02159914e-09   9.99973345e-05   1.04286557e-09
   6.03407824e-10   7.18344331e-01   4.71912712e-01   8.91787422e-10
   8.42942834e-01   7.18344450e-01   4.71912801e-01   1.04108059e-17
   7.63860106e-01   6.58259451e-01   4.61481124e-01   4.06440652e-22
   1.87243238e-01   6.18244052e-01   4.77545530e-01   7.44488047e-22
   8.15297663e-01   6.23447299e-01   4.52267349e-01   7.76591991e-20
   6.50309801e-01   6.30480349e-01   4.23620433e-01   1.77440602e-18
   6.50031745e-01   5.50792038e-01   4.11186159e-01   1.16698682e-18
   6.44142151e-01   4.81951118e-01   4.95157212e-01   4.73557952e-21
   6.41999781e-01   5.19084692e-01   4.93210316e-01   5.39057847e-18
   6.39099300e-01   6.06269062e-01   4.34511513e-01   5.09356397e-18
   6.36368871e-01   5.20492613e-01   3.92394722e-01]
Squared sum of errors between actual and predicted output: 0.2977314007754105

Actual ouput state iteration 8:
[  9.00000000e-04   0.00000000e+00   1.00000000e-04   0.00000000e+00
   0.00000000e+00   5.00000000e-01   3.63636364e-01   0.00000000e+00
   1.25000000e-01   5.00000000e-01   3.63636364e-01   0.00000000e+00
   8.75000000e-01   5.00000000e-01   3.63636364e-01   0.00000000e+00
   6.25000000e-01   5.00000000e-01   3.63636364e-01   6.94444444e-03
   6.25000000e-01   4.16666667e-01   3.63636364e-01   6.94444444e-03
   8.75000000e-01   5.83333333e-01   3.63636364e-01   6.94444444e-03
   6.25000000e-01   5.83333333e-01   3.63636364e-01   8.26446281e-03
   6.25000000e-01   5.00000000e-01   4.54545455e-01   8.26446281e-03
   6.25000000e-01   5.00000000e-01   2.72727273e-01   1.52089073e-02
   6.25000000e-01   4.16666667e-01   4.54545455e-01   1.52089073e-02
   8.75000000e-01   5.83333333e-01   4.54545455e-01]
Predicted output state:
[  1.10987667e-03   1.82452109e-09   9.99545227e-05   1.70470349e-09
   1.33247491e-09   6.52773857e-01   3.43971014e-01   1.89561034e-09
   8.23893785e-01   6.52773976e-01   3.43971163e-01   2.62927567e-03
   1.52949080e-01   6.21413469e-01   3.65948617e-01   2.89292843e-03
   6.46153450e-01   6.14433885e-01   3.62689048e-01   4.13184660e-03
   6.39295697e-01   6.20981872e-01   3.70264500e-01   6.94006728e-03
   7.03069150e-01   5.85491776e-01   3.68322223e-01   7.53192371e-03
   7.52126098e-01   5.76801658e-01   3.87647837e-01   8.52041785e-03
   6.82905495e-01   6.39407754e-01   4.09383237e-01   8.57952889e-03
   6.71634734e-01   5.48902512e-01   3.80444288e-01   1.41640613e-02
   6.57664299e-01   5.47543764e-01   3.65576506e-01   1.55573925e-02
   6.66408658e-01   5.64579666e-01   3.98535550e-01]
Squared sum of errors between actual and predicted output: 0.16133103214070138

Actual ouput state iteration 9:
[  1.00000000e-03   0.00000000e+00   1.00000000e-04   0.00000000e+00
   0.00000000e+00   4.16666667e-01   3.63636364e-01   0.00000000e+00
   1.25000000e-01   4.16666667e-01   3.63636364e-01   0.00000000e+00
   8.75000000e-01   4.16666667e-01   3.63636364e-01   0.00000000e+00
   6.25000000e-01   4.16666667e-01   3.63636364e-01   6.94444444e-03
   8.75000000e-01   5.00000000e-01   3.63636364e-01   6.94444444e-03
   6.25000000e-01   5.00000000e-01   3.63636364e-01   6.94444444e-03
   6.25000000e-01   3.33333333e-01   3.63636364e-01   8.26446281e-03
   6.25000000e-01   4.16666667e-01   4.54545455e-01   8.26446281e-03
   6.25000000e-01   4.16666667e-01   2.72727273e-01   1.52089073e-02
   6.25000000e-01   5.00000000e-01   4.54545455e-01   1.52089073e-02
   6.25000000e-01   3.33333333e-01   4.54545455e-01]
Predicted output state:
[  2.56722909e-03   1.49783030e-09   9.99259355e-05   1.62637570e-09
   1.15109522e-09   5.57693541e-01   2.76881576e-01   1.69844949e-09
   1.23621836e-01   5.57693779e-01   2.76881605e-01   1.23315342e-02
   6.41402602e-01   5.09930074e-01   3.49231005e-01   1.55605404e-02
   6.23414874e-01   5.09303272e-01   3.52475017e-01   1.88196898e-02
   6.26667559e-01   5.23845196e-01   3.42483878e-01   2.81183049e-02
   6.33951664e-01   4.96289819e-01   3.41620862e-01   3.19103003e-02
   6.24538362e-01   4.84250873e-01   4.22486156e-01   3.91345918e-02
   6.28405988e-01   5.41914701e-01   3.69650006e-01   3.96521315e-02
   6.30289018e-01   4.85109180e-01   4.26625252e-01   4.61562648e-02
   6.29085124e-01   4.69495326e-01   2.76466221e-01   5.38028367e-02
   6.28487468e-01   4.60169584e-01   4.75181937e-01]
Squared sum of errors between actual and predicted output: 0.3179715032276201

Actual ouput state iteration 10:
[  1.10000000e-03   0.00000000e+00   1.00000000e-04   0.00000000e+00
   0.00000000e+00   3.33333333e-01   3.63636364e-01   0.00000000e+00
   1.25000000e-01   3.33333333e-01   3.63636364e-01   0.00000000e+00
   8.75000000e-01   3.33333333e-01   3.63636364e-01   0.00000000e+00
   6.25000000e-01   3.33333333e-01   3.63636364e-01   6.94444444e-03
   6.25000000e-01   2.50000000e-01   3.63636364e-01   6.94444444e-03
   6.25000000e-01   4.16666667e-01   3.63636364e-01   6.94444444e-03
   8.75000000e-01   4.16666667e-01   3.63636364e-01   8.26446281e-03
   6.25000000e-01   3.33333333e-01   4.54545455e-01   8.26446281e-03
   6.25000000e-01   3.33333333e-01   2.72727273e-01   1.52089073e-02
   6.25000000e-01   2.50000000e-01   4.54545455e-01   1.52089073e-02
   6.25000000e-01   4.16666667e-01   4.54545455e-01]
Predicted output state:
[  2.57286429e-03   2.06133843e-09   9.99617696e-05   2.28002306e-09
   1.72009662e-09   4.84488249e-01   2.28839457e-01   2.34927366e-09
   1.27680913e-01   4.84488368e-01   2.28839472e-01   1.09494412e-02
   6.42034948e-01   4.47046041e-01   3.20644736e-01   1.44281350e-02
   6.26549959e-01   4.55533028e-01   3.17519128e-01   1.74831394e-02
   6.30382001e-01   4.72392648e-01   3.27609092e-01   2.65723150e-02
   6.32755101e-01   4.31717694e-01   3.32432598e-01   3.05245873e-02
   6.25634372e-01   4.62718666e-01   3.85231405e-01   3.70923951e-02
   6.27002895e-01   4.93726969e-01   3.64185005e-01   3.80485542e-02
   6.29006147e-01   4.83350605e-01   3.89698952e-01   4.47742641e-02
   6.27912283e-01   3.92972201e-01   3.02773952e-01   5.21489829e-02
   6.27547324e-01   4.33793128e-01   4.25511718e-01]
Squared sum of errors between actual and predicted output: 0.2740643582386857

Actual ouput state iteration 11:
[  1.10000000e-03   0.00000000e+00   1.00000000e-04   0.00000000e+00
   0.00000000e+00   3.33333333e-01   3.63636364e-01   0.00000000e+00
   1.25000000e-01   3.33333333e-01   3.63636364e-01   0.00000000e+00
   8.75000000e-01   3.33333333e-01   3.63636364e-01   0.00000000e+00
   6.25000000e-01   3.33333333e-01   3.63636364e-01   0.00000000e+00
   8.75000000e-01   3.33333333e-01   3.63636364e-01   6.94444444e-03
   6.25000000e-01   2.50000000e-01   3.63636364e-01   6.94444444e-03
   6.25000000e-01   4.16666667e-01   3.63636364e-01   6.94444444e-03
   8.75000000e-01   4.16666667e-01   3.63636364e-01   8.26446281e-03
   6.25000000e-01   3.33333333e-01   4.54545455e-01   8.26446281e-03
   6.25000000e-01   3.33333333e-01   2.72727273e-01   1.52089073e-02
   6.25000000e-01   2.50000000e-01   4.54545455e-01]
Predicted output state:
[  2.56382721e-03   4.40768666e-09   9.99592958e-05   5.09643439e-09
   4.03075795e-09   2.76433676e-01   2.19413862e-01   4.96188068e-09
   1.34876117e-01   2.76433796e-01   2.19413817e-01   9.25107114e-03
   6.44036233e-01   2.93319166e-01   3.29874456e-01   1.26934825e-02
   6.31427109e-01   3.07851702e-01   3.10334265e-01   1.55069809e-02
   6.36028886e-01   3.54943186e-01   3.47464323e-01   2.40290947e-02
   6.31444395e-01   3.18825632e-01   3.50987673e-01   2.77849287e-02
   6.27853751e-01   3.42897505e-01   3.75113726e-01   3.36733796e-02
   6.24915600e-01   4.09118235e-01   3.72954279e-01   3.49159315e-02
   6.27239764e-01   4.21052545e-01   3.80833328e-01   4.17981111e-02
   6.26540601e-01   3.01423043e-01   3.40554416e-01   4.87099476e-02
   6.25938356e-01   3.41022968e-01   3.93032610e-01]
Squared sum of errors between actual and predicted output: 0.2567834645016976

Actual ouput state iteration 12:
[  1.20000000e-03   0.00000000e+00   1.00000000e-04   0.00000000e+00
   0.00000000e+00   3.33333333e-01   2.72727273e-01   0.00000000e+00
   1.25000000e-01   3.33333333e-01   2.72727273e-01   0.00000000e+00
   8.75000000e-01   3.33333333e-01   2.72727273e-01   0.00000000e+00
   6.25000000e-01   3.33333333e-01   2.72727273e-01   6.94444444e-03
   6.25000000e-01   2.50000000e-01   2.72727273e-01   6.94444444e-03
   6.25000000e-01   4.16666667e-01   2.72727273e-01   8.26446281e-03
   8.75000000e-01   3.33333333e-01   3.63636364e-01   8.26446281e-03
   6.25000000e-01   3.33333333e-01   3.63636364e-01   8.26446281e-03
   8.75000000e-01   3.33333333e-01   3.63636364e-01   1.52089073e-02
   6.25000000e-01   2.50000000e-01   3.63636364e-01   1.52089073e-02
   6.25000000e-01   4.16666667e-01   3.63636364e-01]
Predicted output state:
[  2.54519936e-03   3.29713967e-09   9.99383192e-05   3.76349174e-09
   2.82079027e-09   3.00343186e-01   2.49689102e-01   3.71183573e-09
   1.32801831e-01   3.00343305e-01   2.49689043e-01   8.91074724e-03
   6.44473016e-01   3.09563637e-01   3.52911919e-01   1.17310155e-02
   6.30022585e-01   3.27703148e-01   3.38261575e-01   1.44935437e-02
   6.33989871e-01   3.61376524e-01   3.54639471e-01   2.22843662e-02
   6.32928729e-01   3.37172925e-01   3.63191813e-01   2.55723596e-02
   6.27148986e-01   3.53956580e-01   4.16951299e-01   3.17167155e-02
   6.25914872e-01   4.21165138e-01   3.61197859e-01   3.21109667e-02
   6.28546417e-01   4.13323939e-01   4.07930344e-01   3.83983999e-02
   6.27648056e-01   3.20810348e-01   3.15673500e-01   4.49307635e-02
   6.26485288e-01   3.54894906e-01   4.57655340e-01]
Squared sum of errors between actual and predicted output: 0.24378602920931242

Actual ouput state iteration 13:
[  1.20000000e-03   0.00000000e+00   1.00000000e-04   0.00000000e+00
   0.00000000e+00   3.33333333e-01   2.72727273e-01   0.00000000e+00
   8.75000000e-01   3.33333333e-01   2.72727273e-01   0.00000000e+00
   1.25000000e-01   3.33333333e-01   2.72727273e-01   0.00000000e+00
   6.25000000e-01   3.33333333e-01   2.72727273e-01   0.00000000e+00
   8.75000000e-01   3.33333333e-01   2.72727273e-01   6.94444444e-03
   6.25000000e-01   2.50000000e-01   2.72727273e-01   6.94444444e-03
   6.25000000e-01   4.16666667e-01   2.72727273e-01   8.26446281e-03
   8.75000000e-01   3.33333333e-01   3.63636364e-01   8.26446281e-03
   6.25000000e-01   3.33333333e-01   3.63636364e-01   1.52089073e-02
   6.25000000e-01   2.50000000e-01   3.63636364e-01   1.52089073e-02
   6.25000000e-01   4.16666667e-01   3.63636364e-01]
Predicted output state:
[  2.57522217e-03   3.77331011e-09   9.99898912e-05   4.30040403e-09
   3.48877616e-09   3.32240403e-01   1.92243204e-01   4.28061631e-09
   1.33828238e-01   3.32240403e-01   1.92243174e-01   9.71463043e-03
   6.42790735e-01   3.31508607e-01   3.00632268e-01   1.34667931e-02
   6.30822122e-01   3.52475137e-01   2.87209213e-01   1.64207146e-02
   6.35260761e-01   3.79495859e-01   3.21223289e-01   2.53350213e-02
   6.31231308e-01   3.32044333e-01   3.31825227e-01   2.94060595e-02
   6.27230108e-01   3.97103935e-01   3.52848232e-01   3.54499705e-02
   6.24936700e-01   4.20086741e-01   3.59775633e-01   3.69016863e-02
   6.27278805e-01   4.55771834e-01   3.57128650e-01   4.39951569e-02
   6.26446784e-01   2.94544399e-01   3.38342011e-01   5.11085391e-02
   6.26102328e-01   3.69462252e-01   3.79626930e-01]
Squared sum of errors between actual and predicted output: 0.25772138534342903

Actual ouput state iteration 14:
[  1.30000000e-03   0.00000000e+00   1.00000000e-04   0.00000000e+00
   0.00000000e+00   2.50000000e-01   2.72727273e-01   0.00000000e+00
   6.25000000e-01   2.50000000e-01   2.72727273e-01   0.00000000e+00
   8.75000000e-01   2.50000000e-01   2.72727273e-01   0.00000000e+00
   1.25000000e-01   2.50000000e-01   2.72727273e-01   6.94444444e-03
   8.75000000e-01   3.33333333e-01   2.72727273e-01   6.94444444e-03
   8.75000000e-01   3.33333333e-01   2.72727273e-01   6.94444444e-03
   6.25000000e-01   3.33333333e-01   2.72727273e-01   8.26446281e-03
   6.25000000e-01   2.50000000e-01   3.63636364e-01   1.52089073e-02
   6.25000000e-01   3.33333333e-01   3.63636364e-01   2.77777778e-02
   6.25000000e-01   4.16666667e-01   2.72727273e-01   3.30578512e-02
   6.25000000e-01   2.50000000e-01   4.54545455e-01]
Predicted output state:
[  1.09360961e-03   3.44039863e-09   9.99304102e-05   3.33174466e-09
   2.78303380e-09   2.66237825e-01   2.43416682e-01   3.61494057e-09
   8.39125037e-01   2.66237766e-01   2.43416816e-01   7.92492705e-04
   1.62155017e-01   3.19279343e-01   3.18242103e-01   7.40633695e-04
   6.45447969e-01   3.60250652e-01   3.04493278e-01   1.13608025e-03
   6.49208069e-01   3.67085069e-01   3.22815806e-01   2.10200832e-03
   7.03848422e-01   3.34897131e-01   3.55462700e-01   2.43572216e-03
   7.52698362e-01   3.92737657e-01   3.78848493e-01   2.86324997e-03
   6.80175543e-01   4.79211569e-01   3.27428341e-01   2.52690003e-03
   6.71201169e-01   4.31065917e-01   3.45496088e-01   4.89803730e-03
   6.57426834e-01   3.23112786e-01   3.45680118e-01   5.45068877e-03
   6.64236248e-01   3.76066536e-01   4.38464046e-01]
Squared sum of errors between actual and predicted output: 0.20923081883658118

Actual ouput state iteration 15:
[  1.30000000e-03   0.00000000e+00   1.00000000e-04   0.00000000e+00
   0.00000000e+00   1.66666667e-01   2.72727273e-01   0.00000000e+00
   1.25000000e-01   1.66666667e-01   2.72727273e-01   6.94444444e-03
   6.25000000e-01   2.50000000e-01   2.72727273e-01   6.94444444e-03
   8.75000000e-01   2.50000000e-01   2.72727273e-01   1.52089073e-02
   6.25000000e-01   2.50000000e-01   3.63636364e-01   2.77777778e-02
   8.75000000e-01   3.33333333e-01   2.72727273e-01   2.77777778e-02
   6.25000000e-01   3.33333333e-01   2.72727273e-01   3.60422406e-02
   6.25000000e-01   3.33333333e-01   3.63636364e-01   4.00022957e-02
   6.25000000e-01   2.50000000e-01   4.54545455e-01   6.08356290e-02
   6.25000000e-01   3.33333333e-01   4.54545455e-01   6.25000000e-02
   6.25000000e-01   4.16666667e-01   2.72727273e-01]
Predicted output state:
[  2.34771241e-03   1.88674032e-09   9.99472832e-05   1.95853089e-09
   1.35883604e-09   2.73131400e-01   2.12772653e-01   1.74442061e-09
   8.58556926e-01   2.73131400e-01   2.12772608e-01   6.30198733e-17
   7.24634469e-01   3.01606447e-01   3.10520768e-01   6.01356993e-21
   2.22651944e-01   3.29114705e-01   3.13281476e-01   1.18222899e-20
   8.08672428e-01   3.28768820e-01   3.14974189e-01   9.12076744e-19
   6.58178389e-01   3.08288544e-01   3.43864173e-01   1.66857417e-17
   6.62789583e-01   3.44850361e-01   3.41540128e-01   1.20381108e-17
   6.45011127e-01   3.28870267e-01   3.39755982e-01   7.44704695e-20
   6.45118415e-01   4.06841695e-01   3.85942966e-01   5.24039962e-17
   6.41280591e-01   3.13747674e-01   3.66127819e-01   5.18213367e-17
   6.37342215e-01   2.70155072e-01   4.06496972e-01]
Squared sum of errors between actual and predicted output: 0.21040444237951683

Actual ouput state iteration 16:
[  1.30000000e-03   0.00000000e+00   1.00000000e-04   0.00000000e+00
   0.00000000e+00   1.66666667e-01   3.63636364e-01   0.00000000e+00
   1.25000000e-01   1.66666667e-01   3.63636364e-01   6.94444444e-03
   6.25000000e-01   2.50000000e-01   3.63636364e-01   1.52089073e-02
   6.25000000e-01   2.50000000e-01   4.54545455e-01   1.52089073e-02
   6.25000000e-01   2.50000000e-01   2.72727273e-01   1.52089073e-02
   8.75000000e-01   2.50000000e-01   2.72727273e-01   2.77777778e-02
   6.25000000e-01   3.33333333e-01   3.63636364e-01   3.60422406e-02
   6.25000000e-01   3.33333333e-01   4.54545455e-01   3.60422406e-02
   6.25000000e-01   3.33333333e-01   2.72727273e-01   4.00022957e-02
   6.25000000e-01   2.50000000e-01   5.45454545e-01   6.08356290e-02
   6.25000000e-01   3.33333333e-01   5.45454545e-01]
Predicted output state:
[  2.60572578e-03   8.04644973e-09   9.99838885e-05   9.53716928e-09
   7.83423637e-09   1.88418657e-01   2.01767147e-01   9.12067488e-09
   1.35738507e-01   1.88418761e-01   2.01767191e-01   1.30862948e-02
   6.40657723e-01   2.52482206e-01   3.07003200e-01   1.89602505e-02
   6.31450415e-01   2.65514195e-01   2.85851896e-01   2.25992948e-02
   6.36441946e-01   3.28455389e-01   3.43578964e-01   3.43920253e-02
   6.29079103e-01   2.90373087e-01   3.39922577e-01   3.94842587e-02
   6.27959669e-01   3.09184045e-01   3.25345963e-01   4.61431108e-02
   6.23454630e-01   3.84873986e-01   3.93992364e-01   4.99611571e-02
   6.25477374e-01   4.07398611e-01   3.60887527e-01   5.85998259e-02
   6.25129282e-01   2.82341629e-01   3.67086589e-01   6.71622306e-02
   6.25181913e-01   3.06899667e-01   3.30873609e-01]
Squared sum of errors between actual and predicted output: 0.21262769665973172

Actual ouput state iteration 17:
[  1.30000000e-03   0.00000000e+00   1.00000000e-04   0.00000000e+00
   0.00000000e+00   1.66666667e-01   4.54545455e-01   0.00000000e+00
   1.25000000e-01   1.66666667e-01   4.54545455e-01   6.94444444e-03
   6.25000000e-01   2.50000000e-01   4.54545455e-01   1.52089073e-02
   6.25000000e-01   2.50000000e-01   5.45454545e-01   1.52089073e-02
   6.25000000e-01   2.50000000e-01   3.63636364e-01   2.77777778e-02
   6.25000000e-01   3.33333333e-01   4.54545455e-01   3.60422406e-02
   6.25000000e-01   3.33333333e-01   3.63636364e-01   3.60422406e-02
   6.25000000e-01   3.33333333e-01   5.45454545e-01   4.00022957e-02
   6.25000000e-01   2.50000000e-01   2.72727273e-01   4.00022957e-02
   6.25000000e-01   2.50000000e-01   6.36363636e-01   6.08356290e-02
   6.25000000e-01   3.33333333e-01   6.36363636e-01]
Predicted output state:
[  2.58449581e-03   5.41047296e-09   9.99600525e-05   6.33342756e-09
   4.58204541e-09   1.58432603e-01   3.06461841e-01   5.98345906e-09
   1.32881969e-01   1.58432528e-01   3.06461871e-01   1.26541806e-02
   6.40024364e-01   2.32180402e-01   3.68217319e-01   1.71050522e-02
   6.29263580e-01   2.47937083e-01   3.51372212e-01   2.09724531e-02
   6.33270085e-01   2.98897684e-01   3.79589051e-01   3.12278196e-02
   6.31092310e-01   2.95737803e-01   3.76660526e-01   3.50554995e-02
   6.26435399e-01   2.97131389e-01   4.09985483e-01   4.33967412e-02
   6.24724030e-01   3.63210410e-01   3.86577904e-01   4.47534136e-02
   6.27535164e-01   3.53085369e-01   4.21518058e-01   5.22900634e-02
   6.26536608e-01   2.98858643e-01   3.31469536e-01   5.98464012e-02
   6.25645816e-01   3.49165469e-01   4.30561721e-01]
Squared sum of errors between actual and predicted output: 0.19803240491429808

Actual ouput state iteration 18:
[  1.30000000e-03   0.00000000e+00   1.00000000e-04   0.00000000e+00
   0.00000000e+00   1.66666667e-01   5.45454545e-01   0.00000000e+00
   1.25000000e-01   1.66666667e-01   5.45454545e-01   6.94444444e-03
   6.25000000e-01   2.50000000e-01   5.45454545e-01   1.52089073e-02
   6.25000000e-01   2.50000000e-01   4.54545455e-01   1.52089073e-02
   6.25000000e-01   2.50000000e-01   6.36363636e-01   2.77777778e-02
   6.25000000e-01   3.33333333e-01   5.45454545e-01   3.60422406e-02
   6.25000000e-01   3.33333333e-01   4.54545455e-01   3.60422406e-02
   6.25000000e-01   3.33333333e-01   6.36363636e-01   4.00022957e-02
   6.25000000e-01   2.50000000e-01   3.63636364e-01   6.08356290e-02
   6.25000000e-01   3.33333333e-01   3.63636364e-01   6.25000000e-02
   6.25000000e-01   4.16666667e-01   5.45454545e-01]
Predicted output state:
[  2.62128143e-03   2.52763783e-07   9.99960903e-05   3.03966601e-07
   2.05103333e-07   8.19649324e-02   4.93871897e-01   2.02742825e-07
   1.31114215e-01   8.19648430e-02   4.93871897e-01   2.22725160e-02
   6.38826251e-01   2.34397903e-01   5.17799556e-01   2.90812626e-02
   6.26814485e-01   2.27199003e-01   4.76813793e-01   3.42251062e-02
   6.32689714e-01   2.80446500e-01   4.97195333e-01   4.92106006e-02
   6.27039909e-01   3.08251828e-01   5.82659960e-01   5.46286851e-02
   6.30855322e-01   2.63081938e-01   4.32233721e-01   6.39685467e-02
   6.26523554e-01   2.92805225e-01   4.70483601e-01   6.79067448e-02
   6.23312414e-01   3.60878706e-01   3.97135228e-01   7.83042833e-02
   6.23930752e-01   3.36891651e-01   5.49571455e-01   8.83815661e-02
   6.25375152e-01   3.09566110e-01   6.08610511e-01]
Squared sum of errors between actual and predicted output: 0.12953467904513652

Actual ouput state iteration 19:
[  1.30000000e-03   0.00000000e+00   1.00000000e-04   0.00000000e+00
   0.00000000e+00   1.66666667e-01   6.36363636e-01   0.00000000e+00
   1.25000000e-01   1.66666667e-01   6.36363636e-01   6.94444444e-03
   6.25000000e-01   2.50000000e-01   6.36363636e-01   1.52089073e-02
   6.25000000e-01   2.50000000e-01   5.45454545e-01   2.77777778e-02
   6.25000000e-01   3.33333333e-01   6.36363636e-01   3.60422406e-02
   6.25000000e-01   3.33333333e-01   5.45454545e-01   4.00022957e-02
   6.25000000e-01   2.50000000e-01   4.54545455e-01   6.08356290e-02
   6.25000000e-01   3.33333333e-01   4.54545455e-01   6.25000000e-02
   6.25000000e-01   4.16666667e-01   6.36363636e-01   7.07644628e-02
   6.25000000e-01   4.16666667e-01   5.45454545e-01   8.13246097e-02
   6.25000000e-01   2.50000000e-01   3.63636364e-01]
Predicted output state:
[  2.61090999e-03   1.04608358e-08   1.00012971e-04   1.29863063e-08
   8.10156653e-09   1.81297496e-01   6.25781715e-01   1.04171312e-08
   1.34106591e-01   1.81297600e-01   6.25781715e-01   1.55012319e-02
   6.40083790e-01   2.43969038e-01   5.85786641e-01   2.10155863e-02
   6.31614447e-01   2.50046968e-01   5.53690910e-01   2.46845912e-02
   6.38570607e-01   3.01063538e-01   5.69294810e-01   3.71148288e-02
   6.28023624e-01   3.26203346e-01   5.44469774e-01   4.10906561e-02
   6.27793849e-01   2.96111077e-01   5.51190495e-01   5.02395816e-02
   6.23876274e-01   3.30746263e-01   5.17266691e-01   5.26444055e-02
   6.25188231e-01   3.62087637e-01   5.30010343e-01   6.05670363e-02
   6.24763310e-01   2.92614490e-01   4.69052911e-01   6.84065893e-02
   6.24271691e-01   3.94104302e-01   5.21837115e-01]
Squared sum of errors between actual and predicted output: 0.11224607055525154

Actual ouput state iteration 20:
[  1.40000000e-03   0.00000000e+00   1.00000000e-04   0.00000000e+00
   0.00000000e+00   2.50000000e-01   6.36363636e-01   0.00000000e+00
   1.25000000e-01   2.50000000e-01   6.36363636e-01   0.00000000e+00
   8.75000000e-01   2.50000000e-01   6.36363636e-01   0.00000000e+00
   6.25000000e-01   2.50000000e-01   6.36363636e-01   6.94444444e-03
   6.25000000e-01   3.33333333e-01   6.36363636e-01   8.26446281e-03
   6.25000000e-01   2.50000000e-01   5.45454545e-01   1.52089073e-02
   6.25000000e-01   3.33333333e-01   5.45454545e-01   2.77777778e-02
   6.25000000e-01   4.16666667e-01   6.36363636e-01   3.30578512e-02
   6.25000000e-01   2.50000000e-01   4.54545455e-01   3.60422406e-02
   6.25000000e-01   4.16666667e-01   5.45454545e-01   4.00022957e-02
   6.25000000e-01   3.33333333e-01   4.54545455e-01]
Predicted output state:
[  2.62278761e-03   1.72860268e-08   1.00011726e-04   2.18876259e-08
   1.37045832e-08   1.81994885e-01   6.71737134e-01   1.64112191e-08
   1.35508284e-01   1.81994855e-01   6.71737194e-01   1.74787808e-02
   6.40663207e-01   2.52401054e-01   6.10215962e-01   2.45999377e-02
   6.32788301e-01   2.54102856e-01   5.73226154e-01   2.80940067e-02
   6.40658796e-01   3.18916529e-01   6.01029992e-01   4.26493809e-02
   6.26520395e-01   3.29567820e-01   5.66823065e-01   4.75681014e-02
   6.29025161e-01   2.82636762e-01   5.38394749e-01   5.56296222e-02
   6.23218179e-01   3.47301096e-01   5.64345121e-01   6.05756566e-02
   6.23670638e-01   3.90028447e-01   5.34958065e-01   6.94127604e-02
   6.23877048e-01   2.94857025e-01   5.17147601e-01   7.84189701e-02
   6.24034345e-01   3.41589659e-01   5.00307262e-01]
Squared sum of errors between actual and predicted output: 0.08145347936828916

Actual ouput state iteration 21:
[  1.50000000e-03   0.00000000e+00   1.00000000e-04   0.00000000e+00
   0.00000000e+00   3.33333333e-01   6.36363636e-01   0.00000000e+00
   6.25000000e-01   3.33333333e-01   6.36363636e-01   0.00000000e+00
   8.75000000e-01   3.33333333e-01   6.36363636e-01   0.00000000e+00
   1.25000000e-01   3.33333333e-01   6.36363636e-01   6.94444444e-03
   6.25000000e-01   2.50000000e-01   6.36363636e-01   6.94444444e-03
   8.75000000e-01   2.50000000e-01   6.36363636e-01   6.94444444e-03
   6.25000000e-01   4.16666667e-01   6.36363636e-01   8.26446281e-03
   6.25000000e-01   3.33333333e-01   5.45454545e-01   1.52089073e-02
   6.25000000e-01   2.50000000e-01   5.45454545e-01   1.52089073e-02
   6.25000000e-01   4.16666667e-01   5.45454545e-01   2.77777778e-02
   6.25000000e-01   5.00000000e-01   6.36363636e-01]
Predicted output state:
[  2.59771757e-03   1.61499791e-08   9.99970434e-05   2.03562678e-08
   1.31808013e-08   2.31582209e-01   6.43168271e-01   1.53307624e-08
   1.37404323e-01   2.31582165e-01   6.43168271e-01   1.38375703e-02
   6.43679917e-01   2.67634332e-01   6.12990737e-01   1.93572920e-02
   6.34541929e-01   2.70118386e-01   5.70838630e-01   2.22414117e-02
   6.42640054e-01   3.31745923e-01   5.99244058e-01   3.45443673e-02
   6.27140164e-01   3.30978453e-01   5.70327997e-01   3.90661284e-02
   6.30052626e-01   2.88583070e-01   5.46905279e-01   4.57224436e-02
   6.23342752e-01   3.63102376e-01   5.55508435e-01   4.94177751e-02
   6.23721182e-01   4.12141353e-01   5.28952718e-01   5.76272681e-02
   6.24125361e-01   2.88509905e-01   5.22846639e-01   6.59049600e-02
   6.24055624e-01   3.24149460e-01   5.10680974e-01]
Squared sum of errors between actual and predicted output: 0.13618076755687264

Actual ouput state iteration 22:
[  1.50000000e-03   0.00000000e+00   1.00000000e-04   0.00000000e+00
   0.00000000e+00   3.33333333e-01   7.27272727e-01   0.00000000e+00
   1.25000000e-01   3.33333333e-01   7.27272727e-01   8.26446281e-03
   6.25000000e-01   3.33333333e-01   6.36363636e-01   8.26446281e-03
   8.75000000e-01   3.33333333e-01   6.36363636e-01   1.52089073e-02
   6.25000000e-01   2.50000000e-01   6.36363636e-01   1.52089073e-02
   8.75000000e-01   2.50000000e-01   6.36363636e-01   1.52089073e-02
   6.25000000e-01   4.16666667e-01   6.36363636e-01   3.30578512e-02
   6.25000000e-01   3.33333333e-01   5.45454545e-01   3.60422406e-02
   6.25000000e-01   5.00000000e-01   6.36363636e-01   4.00022957e-02
   6.25000000e-01   2.50000000e-01   5.45454545e-01   4.00022957e-02
   6.25000000e-01   4.16666667e-01   5.45454545e-01]
Predicted output state:
[  2.67597195e-03   3.09015347e-09   9.99560580e-05   3.46352191e-09
   1.97082217e-09   3.21486324e-01   5.45424521e-01   2.58815702e-09
   8.63720059e-01   3.21486235e-01   5.45424581e-01   3.72583241e-19
   8.06194782e-01   2.86367983e-01   6.04333282e-01   6.89163639e-24
   1.74296543e-01   2.91924655e-01   5.82306623e-01   1.37783645e-23
   8.33481729e-01   3.03844601e-01   5.56486547e-01   2.03593928e-21
   6.47880137e-01   3.42692405e-01   5.60939610e-01   5.82470925e-20
   6.47590160e-01   2.89719611e-01   5.61415076e-01   3.99389489e-20
   6.38299942e-01   2.68862426e-01   4.68897492e-01   1.02457803e-22
   6.38808012e-01   3.59167963e-01   5.56380391e-01   1.97344524e-19
   6.37364805e-01   3.29067677e-01   5.09881079e-01   1.88906054e-19
   6.30785406e-01   3.04173976e-01   5.57585418e-01]
Squared sum of errors between actual and predicted output: 0.30724200557256565

Actual ouput state iteration 23:
[  1.50000000e-03   0.00000000e+00   1.00000000e-04   0.00000000e+00
   0.00000000e+00   4.16666667e-01   7.27272727e-01   0.00000000e+00
   1.25000000e-01   4.16666667e-01   7.27272727e-01   8.26446281e-03
   6.25000000e-01   4.16666667e-01   6.36363636e-01   1.52089073e-02
   6.25000000e-01   5.00000000e-01   6.36363636e-01   1.52089073e-02
   8.75000000e-01   3.33333333e-01   6.36363636e-01   1.52089073e-02
   6.25000000e-01   3.33333333e-01   6.36363636e-01   3.30578512e-02
   6.25000000e-01   4.16666667e-01   5.45454545e-01   3.60422406e-02
   6.25000000e-01   5.83333333e-01   6.36363636e-01   3.60422406e-02
   6.25000000e-01   2.50000000e-01   6.36363636e-01   4.00022957e-02
   6.25000000e-01   5.00000000e-01   5.45454545e-01   4.00022957e-02
   6.25000000e-01   3.33333333e-01   5.45454545e-01]
Predicted output state:
[  2.61329603e-03   1.96760421e-08   9.99960903e-05   2.42835565e-08
   1.59441775e-08   3.27436179e-01   7.31980205e-01   1.75010690e-08
   1.36516631e-01   3.27436119e-01   7.31980264e-01   1.73540376e-02
   6.41143262e-01   3.15301239e-01   6.74946010e-01   2.39831209e-02
   6.34120822e-01   3.15253943e-01   6.25753820e-01   2.74644438e-02
   6.42376184e-01   3.74405444e-01   6.49597645e-01   4.14313003e-02
   6.25961244e-01   3.71842831e-01   6.13264859e-01   4.64130156e-02
   6.29748821e-01   3.19494992e-01   5.96229434e-01   5.43425605e-02
   6.23015285e-01   3.98429960e-01   5.84804714e-01   5.87385930e-02
   6.23090923e-01   4.36928689e-01   5.58441460e-01   6.76882863e-02
   6.23736858e-01   3.11899513e-01   5.58488965e-01   7.63910338e-02
   6.23687208e-01   3.46778065e-01   5.33040822e-01]
Squared sum of errors between actual and predicted output: 0.19530002540386548

Actual ouput state iteration 24:
[  1.50000000e-03   0.00000000e+00   1.00000000e-04   0.00000000e+00
   0.00000000e+00   5.00000000e-01   7.27272727e-01   0.00000000e+00
   1.25000000e-01   5.00000000e-01   7.27272727e-01   8.26446281e-03
   6.25000000e-01   5.00000000e-01   6.36363636e-01   1.52089073e-02
   6.25000000e-01   4.16666667e-01   6.36363636e-01   1.52089073e-02
   6.25000000e-01   5.83333333e-01   6.36363636e-01   3.30578512e-02
   6.25000000e-01   5.00000000e-01   5.45454545e-01   3.60422406e-02
   6.25000000e-01   6.66666667e-01   6.36363636e-01   3.60422406e-02
   6.25000000e-01   3.33333333e-01   6.36363636e-01   4.00022957e-02
   6.25000000e-01   4.16666667e-01   5.45454545e-01   4.00022957e-02
   6.25000000e-01   5.83333333e-01   5.45454545e-01   6.08356290e-02
   6.25000000e-01   6.66666667e-01   5.45454545e-01]
Predicted output state:
[  2.67178356e-03   1.43545851e-08   1.00041114e-04   1.74005166e-08
   1.06318740e-08   3.59239966e-01   7.91931570e-01   1.28978108e-08
   1.29512683e-01   3.59240115e-01   7.91931570e-01   2.90525034e-02
   6.33826315e-01   3.75179321e-01   6.90635145e-01   3.93083915e-02
   6.28771305e-01   3.66582721e-01   6.54760659e-01   4.44559455e-02
   6.36615276e-01   4.16267276e-01   6.62918866e-01   6.33113310e-02
   6.24965608e-01   4.43729430e-01   6.16892517e-01   6.86782822e-02
   6.26603425e-01   3.85653466e-01   6.12645924e-01   8.14606547e-02
   6.23652399e-01   4.05858189e-01   6.00801647e-01   8.76556560e-02
   6.23666644e-01   4.28644717e-01   5.82473099e-01   9.69793648e-02
   6.23670220e-01   3.71421129e-01   5.44993520e-01   1.06381796e-01
   6.24050736e-01   4.74756092e-01   5.35625160e-01]
Squared sum of errors between actual and predicted output: 0.2423788372119471

Actual ouput state iteration 25:
[  1.50000000e-03   0.00000000e+00   1.00000000e-04   0.00000000e+00
   0.00000000e+00   5.83333333e-01   7.27272727e-01   0.00000000e+00
   1.25000000e-01   5.83333333e-01   7.27272727e-01   8.26446281e-03
   6.25000000e-01   5.83333333e-01   6.36363636e-01   1.52089073e-02
   6.25000000e-01   6.66666667e-01   6.36363636e-01   1.52089073e-02
   6.25000000e-01   5.00000000e-01   6.36363636e-01   3.30578512e-02
   6.25000000e-01   5.83333333e-01   5.45454545e-01   3.60422406e-02
   6.25000000e-01   4.16666667e-01   6.36363636e-01   4.00022957e-02
   6.25000000e-01   6.66666667e-01   5.45454545e-01   4.00022957e-02
   6.25000000e-01   5.00000000e-01   5.45454545e-01   6.08356290e-02
   6.25000000e-01   4.16666667e-01   5.45454545e-01   7.07644628e-02
   6.25000000e-01   3.33333333e-01   6.36363636e-01]
Predicted output state:
[  2.65143486e-03   3.58175667e-09   9.99997137e-05   4.21863477e-09
   2.25291852e-09   6.64419353e-01   8.17628860e-01   3.52261686e-09
   1.20070234e-01   6.64419472e-01   8.17628860e-01   2.65434273e-02
   6.36027932e-01   5.83396256e-01   7.36757934e-01   3.21976058e-02
   6.22532010e-01   5.36937356e-01   7.19179153e-01   3.60524841e-02
   6.30464435e-01   5.73480427e-01   6.84542894e-01   5.18830046e-02
   6.28261209e-01   6.35933995e-01   6.30467713e-01   5.56191765e-02
   6.24559939e-01   4.93653715e-01   6.87487602e-01   6.83484972e-02
   6.27721131e-01   5.10595977e-01   6.03266001e-01   7.01134279e-02
   6.26966357e-01   4.59300548e-01   6.46897197e-01   7.71331936e-02
   6.26366019e-01   5.65695584e-01   4.78170812e-01   8.58606622e-02
   6.26392305e-01   6.39402688e-01   6.22126281e-01]
Squared sum of errors between actual and predicted output: 0.2314691911553962

Actual ouput state iteration 26:
[  1.60000000e-03   0.00000000e+00   1.00000000e-04   0.00000000e+00
   0.00000000e+00   5.83333333e-01   6.36363636e-01   0.00000000e+00
   8.75000000e-01   5.83333333e-01   6.36363636e-01   0.00000000e+00
   1.25000000e-01   5.83333333e-01   6.36363636e-01   0.00000000e+00
   6.25000000e-01   5.83333333e-01   6.36363636e-01   6.94444444e-03
   6.25000000e-01   6.66666667e-01   6.36363636e-01   6.94444444e-03
   6.25000000e-01   5.00000000e-01   6.36363636e-01   8.26446281e-03
   6.25000000e-01   5.83333333e-01   5.45454545e-01   1.52089073e-02
   6.25000000e-01   6.66666667e-01   5.45454545e-01   1.52089073e-02
   6.25000000e-01   5.00000000e-01   5.45454545e-01   2.77777778e-02
   6.25000000e-01   4.16666667e-01   6.36363636e-01   3.30578512e-02
   6.25000000e-01   5.83333333e-01   4.54545455e-01]
Predicted output state:
[  2.62562465e-03   1.77134130e-08   9.99637705e-05   1.99856274e-08
   1.45333523e-08   7.36594737e-01   7.45061457e-01   1.43155132e-08
   1.31199643e-01   7.36594737e-01   7.45061457e-01   2.55935360e-02
   6.37916744e-01   5.67215621e-01   6.76892042e-01   3.47881578e-02
   6.30714536e-01   5.64631760e-01   6.26796603e-01   3.91948000e-02
   6.37998998e-01   5.82693100e-01   6.38866007e-01   5.65003492e-02
   6.25654101e-01   5.25947154e-01   6.03395939e-01   6.36156052e-02
   6.28738582e-01   4.80900675e-01   5.96735716e-01   7.13854954e-02
   6.24026299e-01   5.84313691e-01   5.89568853e-01   7.88371265e-02
   6.23163700e-01   5.90048850e-01   5.48323393e-01   8.91385302e-02
   6.24474347e-01   4.20094073e-01   5.60892642e-01   9.99470055e-02
   6.24960721e-01   3.56486589e-01   5.46732366e-01]
Squared sum of errors between actual and predicted output: 0.11201388518862769

Actual ouput state iteration 27:
[  1.70000000e-03   0.00000000e+00   1.00000000e-04   0.00000000e+00
   0.00000000e+00   6.66666667e-01   6.36363636e-01   0.00000000e+00
   1.25000000e-01   6.66666667e-01   6.36363636e-01   0.00000000e+00
   8.75000000e-01   6.66666667e-01   6.36363636e-01   0.00000000e+00
   6.25000000e-01   6.66666667e-01   6.36363636e-01   6.94444444e-03
   8.75000000e-01   5.83333333e-01   6.36363636e-01   6.94444444e-03
   6.25000000e-01   5.83333333e-01   6.36363636e-01   8.26446281e-03
   6.25000000e-01   6.66666667e-01   5.45454545e-01   1.52089073e-02
   6.25000000e-01   5.83333333e-01   5.45454545e-01   2.77777778e-02
   6.25000000e-01   5.00000000e-01   6.36363636e-01   3.30578512e-02
   6.25000000e-01   6.66666667e-01   4.54545455e-01   3.60422406e-02
   6.25000000e-01   5.00000000e-01   5.45454545e-01]
Predicted output state:
[  1.11907814e-03   3.49446361e-09   9.99653930e-05   3.48998741e-09
   2.32725084e-09   6.45767987e-01   6.84569180e-01   3.37143646e-09
   8.27889919e-01   6.45768046e-01   6.84569299e-01   1.87383418e-03
   1.58121154e-01   5.69543004e-01   6.43827438e-01   1.74069125e-03
   6.44117296e-01   5.47965825e-01   6.14568174e-01   2.45182775e-03
   6.47903442e-01   5.67955792e-01   6.00250304e-01   4.34265658e-03
   7.00700760e-01   5.96115708e-01   5.77093601e-01   4.74691158e-03
   7.52548277e-01   5.06292403e-01   6.03253603e-01   5.54622058e-03
   6.81743681e-01   5.73746085e-01   5.25536895e-01   5.09968773e-03
   6.69720113e-01   4.87719983e-01   5.31666756e-01   9.03714821e-03
   6.56360328e-01   5.36678851e-01   4.96787220e-01   9.78680979e-03
   6.64177239e-01   6.07664406e-01   5.50845802e-01]
Squared sum of errors between actual and predicted output: 0.13569089612651428

Actual ouput state iteration 28:
[  1.70000000e-03   0.00000000e+00   1.00000000e-04   0.00000000e+00
   0.00000000e+00   7.50000000e-01   6.36363636e-01   0.00000000e+00
   1.25000000e-01   7.50000000e-01   6.36363636e-01   6.94444444e-03
   8.75000000e-01   6.66666667e-01   6.36363636e-01   6.94444444e-03
   6.25000000e-01   6.66666667e-01   6.36363636e-01   1.52089073e-02
   6.25000000e-01   6.66666667e-01   5.45454545e-01   2.77777778e-02
   6.25000000e-01   5.83333333e-01   6.36363636e-01   2.77777778e-02
   8.75000000e-01   5.83333333e-01   6.36363636e-01   3.60422406e-02
   6.25000000e-01   5.83333333e-01   5.45454545e-01   4.00022957e-02
   6.25000000e-01   6.66666667e-01   4.54545455e-01   6.08356290e-02
   6.25000000e-01   5.83333333e-01   4.54545455e-01   6.25000000e-02
   6.25000000e-01   5.00000000e-01   6.36363636e-01]
Predicted output state:
[  2.62139598e-03   2.41840747e-09   9.99836921e-05   2.77351120e-09
   1.66072278e-09   7.48436630e-01   6.53618693e-01   2.48189047e-09
   1.21459737e-01   7.48436630e-01   6.53618693e-01   1.84584111e-02
   6.39896572e-01   6.33255124e-01   6.22610152e-01   2.30013188e-02
   6.23793781e-01   5.92167556e-01   6.07434869e-01   2.59930380e-02
   6.30998909e-01   6.18486047e-01   5.82678676e-01   3.88929769e-02
   6.29807472e-01   6.33579314e-01   5.38635612e-01   4.31379341e-02
   6.25440300e-01   5.34985781e-01   5.95464945e-01   5.18464148e-02
   6.28227413e-01   5.59370995e-01   5.46443462e-01   5.36378361e-02
   6.27566278e-01   5.22433460e-01   5.67320883e-01   6.05859272e-02
   6.27000034e-01   5.59567571e-01   4.32778150e-01   6.90758377e-02
   6.27335072e-01   5.98208010e-01   5.51857948e-01]
Squared sum of errors between actual and predicted output: 0.20737420520979682

Actual ouput state iteration 29:
[  1.70000000e-03   0.00000000e+00   1.00000000e-04   0.00000000e+00
   0.00000000e+00   7.50000000e-01   5.45454545e-01   0.00000000e+00
   1.25000000e-01   7.50000000e-01   5.45454545e-01   6.94444444e-03
   6.25000000e-01   6.66666667e-01   5.45454545e-01   1.52089073e-02
   6.25000000e-01   6.66666667e-01   4.54545455e-01   1.52089073e-02
   8.75000000e-01   6.66666667e-01   6.36363636e-01   1.52089073e-02
   6.25000000e-01   6.66666667e-01   6.36363636e-01   2.77777778e-02
   6.25000000e-01   5.83333333e-01   5.45454545e-01   3.60422406e-02
   6.25000000e-01   5.83333333e-01   4.54545455e-01   3.60422406e-02
   6.25000000e-01   5.83333333e-01   6.36363636e-01   4.00022957e-02
   6.25000000e-01   6.66666667e-01   3.63636364e-01   6.08356290e-02
   6.25000000e-01   5.83333333e-01   3.63636364e-01]
Predicted output state:
[  2.62795179e-03   2.11186446e-09   9.99873155e-05   2.39015474e-09
   1.48290080e-09   7.68214226e-01   5.87118804e-01   2.19571938e-09
   1.20686881e-01   7.68214345e-01   5.87118924e-01   1.87413208e-02
   6.39410138e-01   6.59194112e-01   5.67360938e-01   2.37203855e-02
   6.22998774e-01   6.18786454e-01   5.56944788e-01   2.67523471e-02
   6.29838884e-01   6.42777503e-01   5.38468957e-01   4.00482565e-02
   6.29920006e-01   6.42706811e-01   4.95734453e-01   4.47205342e-02
   6.25098705e-01   5.60367346e-01   5.47212422e-01   5.30172288e-02
   6.28385663e-01   5.80151618e-01   5.30161858e-01   5.54203913e-02
   6.27709031e-01   5.45252979e-01   5.34536242e-01   6.25836477e-02
   6.27065003e-01   5.70071280e-01   4.13221240e-01   7.14647323e-02
   6.27763450e-01   5.98314762e-01   5.10004342e-01]
Squared sum of errors between actual and predicted output: 0.21988296849466668

Actual ouput state iteration 30:
[  1.70000000e-03   0.00000000e+00   1.00000000e-04   0.00000000e+00
   0.00000000e+00   7.50000000e-01   4.54545455e-01   0.00000000e+00
   1.25000000e-01   7.50000000e-01   4.54545455e-01   6.94444444e-03
   6.25000000e-01   6.66666667e-01   4.54545455e-01   1.52089073e-02
   6.25000000e-01   6.66666667e-01   3.63636364e-01   1.52089073e-02
   6.25000000e-01   6.66666667e-01   5.45454545e-01   2.77777778e-02
   6.25000000e-01   5.83333333e-01   4.54545455e-01   3.60422406e-02
   6.25000000e-01   5.83333333e-01   5.45454545e-01   3.60422406e-02
   6.25000000e-01   5.83333333e-01   3.63636364e-01   4.00022957e-02
   6.25000000e-01   6.66666667e-01   6.36363636e-01   4.00022957e-02
   6.25000000e-01   6.66666667e-01   2.72727273e-01   6.08356290e-02
   6.25000000e-01   5.83333333e-01   2.72727273e-01]
Predicted output state:
[  2.62027187e-03   1.69587921e-09   9.99720578e-05   1.88677274e-09
   1.19258337e-09   7.73104072e-01   5.24441600e-01   1.79843551e-09
   1.19674087e-01   7.73104131e-01   5.24441600e-01   1.81969311e-02
   6.39374733e-01   6.69593632e-01   5.19867718e-01   2.28864532e-02
   6.21886313e-01   6.32602215e-01   5.15589476e-01   2.60336902e-02
   6.27930164e-01   6.52280092e-01   4.94666606e-01   3.88266705e-02
   6.30883455e-01   6.45646036e-01   4.57377851e-01   4.34559025e-02
   6.24572873e-01   5.70259631e-01   5.19494176e-01   5.16328178e-02
   6.28866255e-01   5.97256899e-01   5.00581563e-01   5.37434891e-02
   6.28502905e-01   5.49045146e-01   5.14683187e-01   6.07898980e-02
   6.27707124e-01   5.82093716e-01   3.76210988e-01   6.96960166e-02
   6.28307343e-01   5.90670526e-01   5.00678837e-01]
Squared sum of errors between actual and predicted output: 0.16909124070429987

Actual ouput state iteration 31:
[  1.80000000e-03   0.00000000e+00   1.00000000e-04   0.00000000e+00
   0.00000000e+00   6.66666667e-01   4.54545455e-01   0.00000000e+00
   8.75000000e-01   6.66666667e-01   4.54545455e-01   0.00000000e+00
   1.25000000e-01   6.66666667e-01   4.54545455e-01   0.00000000e+00
   6.25000000e-01   6.66666667e-01   4.54545455e-01   6.94444444e-03
   6.25000000e-01   5.83333333e-01   4.54545455e-01   8.26446281e-03
   6.25000000e-01   6.66666667e-01   3.63636364e-01   8.26446281e-03
   6.25000000e-01   6.66666667e-01   5.45454545e-01   1.52089073e-02
   6.25000000e-01   5.83333333e-01   5.45454545e-01   1.52089073e-02
   6.25000000e-01   5.83333333e-01   3.63636364e-01   2.77777778e-02
   6.25000000e-01   5.00000000e-01   4.54545455e-01   3.30578512e-02
   6.25000000e-01   6.66666667e-01   6.36363636e-01]
Predicted output state:
[  2.63358955e-03   1.66161940e-09   9.99863696e-05   1.83070870e-09
   1.24146793e-09   7.68373609e-01   4.11933869e-01   1.79060766e-09
   1.20169915e-01   7.68373728e-01   4.11933810e-01   1.84325986e-02
   6.38606846e-01   6.74851179e-01   4.31287348e-01   2.40982324e-02
   6.21911228e-01   6.40333354e-01   4.31864202e-01   2.73547806e-02
   6.27621412e-01   6.62241817e-01   4.30211097e-01   4.09233309e-02
   6.30457878e-01   6.32245839e-01   3.96228999e-01   4.63043340e-02
   6.24480069e-01   5.87205887e-01   4.38434154e-01   5.38127497e-02
   6.28469825e-01   6.05404377e-01   4.78122234e-01   5.71700670e-02
   6.28146052e-01   5.72930455e-01   4.58953440e-01   6.47691265e-02
   6.27322674e-01   5.68642735e-01   3.60437214e-01   7.42464140e-02
   6.28458798e-01   5.75542986e-01   4.24172729e-01]
Squared sum of errors between actual and predicted output: 0.13731398469114564

Actual ouput state iteration 32:
[  1.80000000e-03   0.00000000e+00   1.00000000e-04   0.00000000e+00
   0.00000000e+00   7.50000000e-01   4.54545455e-01   0.00000000e+00
   1.25000000e-01   7.50000000e-01   4.54545455e-01   6.94444444e-03
   8.75000000e-01   6.66666667e-01   4.54545455e-01   6.94444444e-03
   6.25000000e-01   6.66666667e-01   4.54545455e-01   1.52089073e-02
   6.25000000e-01   6.66666667e-01   3.63636364e-01   1.52089073e-02
   6.25000000e-01   6.66666667e-01   5.45454545e-01   2.77777778e-02
   6.25000000e-01   5.83333333e-01   4.54545455e-01   3.60422406e-02
   6.25000000e-01   5.83333333e-01   3.63636364e-01   3.60422406e-02
   6.25000000e-01   5.83333333e-01   5.45454545e-01   4.00022957e-02
   6.25000000e-01   6.66666667e-01   6.36363636e-01   4.00022957e-02
   6.25000000e-01   6.66666667e-01   2.72727273e-01]
Predicted output state:
[  1.12304871e-03   2.17117346e-09   9.99627155e-05   2.07693107e-09
   1.49775048e-09   7.05171466e-01   5.10050476e-01   2.17896035e-09
   8.23763549e-01   7.05171585e-01   5.10050654e-01   2.07973132e-03
   1.56620428e-01   6.44316971e-01   4.94010001e-01   2.00881786e-03
   6.41629815e-01   6.24164939e-01   4.80578333e-01   2.82929372e-03
   6.43181503e-01   6.35494947e-01   4.76228952e-01   4.95564518e-03
   7.01612711e-01   6.27432227e-01   4.59159642e-01   5.47380745e-03
   7.51574457e-01   5.74458480e-01   4.81874377e-01   6.21904060e-03
   6.82567954e-01   6.33967340e-01   4.72128898e-01   5.87773230e-03
   6.70697510e-01   5.40379465e-01   4.50812250e-01   1.03005581e-02
   6.57034099e-01   5.77763081e-01   4.24058974e-01   1.12158833e-02
   6.65578842e-01   6.10500693e-01   4.58065689e-01]
Squared sum of errors between actual and predicted output: 0.13456700788956621

Actual ouput state iteration 33:
[  1.80000000e-03   0.00000000e+00   1.00000000e-04   0.00000000e+00
   0.00000000e+00   7.50000000e-01   3.63636364e-01   0.00000000e+00
   1.25000000e-01   7.50000000e-01   3.63636364e-01   6.94444444e-03
   6.25000000e-01   6.66666667e-01   3.63636364e-01   1.52089073e-02
   8.75000000e-01   6.66666667e-01   4.54545455e-01   1.52089073e-02
   6.25000000e-01   6.66666667e-01   4.54545455e-01   1.52089073e-02
   6.25000000e-01   6.66666667e-01   2.72727273e-01   2.77777778e-02
   6.25000000e-01   5.83333333e-01   3.63636364e-01   3.60422406e-02
   6.25000000e-01   5.83333333e-01   4.54545455e-01   3.60422406e-02
   6.25000000e-01   5.83333333e-01   2.72727273e-01   4.00022957e-02
   6.25000000e-01   6.66666667e-01   5.45454545e-01   6.08356290e-02
   6.25000000e-01   5.83333333e-01   5.45454545e-01]
Predicted output state:
[  2.63941381e-03   1.92474947e-09   9.99971380e-05   2.14440155e-09
   1.42901613e-09   7.68205643e-01   4.61057931e-01   2.04092454e-09
   1.20586880e-01   7.68205762e-01   4.61057991e-01   1.89279206e-02
   6.38624668e-01   6.73103452e-01   4.66479212e-01   2.48312261e-02
   6.22484386e-01   6.35894656e-01   4.62795138e-01   2.79792678e-02
   6.28764808e-01   6.60228908e-01   4.61685717e-01   4.19709608e-02
   6.29822671e-01   6.34547889e-01   4.23512340e-01   4.74368930e-02
   6.24804556e-01   5.83718657e-01   4.58071381e-01   5.49485423e-02
   6.28213465e-01   5.97205460e-01   5.01023412e-01   5.85896336e-02
   6.27629161e-01   5.72859108e-01   4.73368347e-01   6.62692860e-02
   6.26898825e-01   5.64587235e-01   3.86538118e-01   7.57873580e-02
   6.28171206e-01   5.82343578e-01   4.31392938e-01]
Squared sum of errors between actual and predicted output: 0.21754154944255977

Actual ouput state iteration 34:
[  1.80000000e-03   0.00000000e+00   1.00000000e-04   0.00000000e+00
   0.00000000e+00   7.50000000e-01   2.72727273e-01   0.00000000e+00
   1.25000000e-01   7.50000000e-01   2.72727273e-01   6.94444444e-03
   6.25000000e-01   6.66666667e-01   2.72727273e-01   1.52089073e-02
   6.25000000e-01   6.66666667e-01   3.63636364e-01   2.77777778e-02
   6.25000000e-01   5.83333333e-01   2.72727273e-01   3.60422406e-02
   6.25000000e-01   5.83333333e-01   3.63636364e-01   4.00022957e-02
   6.25000000e-01   6.66666667e-01   4.54545455e-01   6.08356290e-02
   6.25000000e-01   5.83333333e-01   4.54545455e-01   6.25000000e-02
   6.25000000e-01   5.00000000e-01   2.72727273e-01   7.07644628e-02
   6.25000000e-01   5.00000000e-01   3.63636364e-01   8.13246097e-02
   6.25000000e-01   6.66666667e-01   5.45454545e-01]
Predicted output state:
[  2.67173280e-03   2.57252131e-09   1.00013633e-04   2.84660362e-09
   2.11909512e-09   7.62717843e-01   3.46585542e-01   2.70954725e-09
   1.21980406e-01   7.62717962e-01   3.46585572e-01   2.23410074e-02
   6.36626542e-01   6.79931879e-01   3.68819267e-01   3.14156115e-02
   6.22984827e-01   6.42450273e-01   3.66422594e-01   3.48811261e-02
   6.29205704e-01   6.80495262e-01   3.99147302e-01   5.20929880e-02
   6.28039241e-01   6.18564069e-01   3.56528223e-01   5.95553331e-02
   6.25090957e-01   5.93467891e-01   3.52296799e-01   6.58140257e-02
   6.27068818e-01   6.16338551e-01   4.95967090e-01   7.34194294e-02
   6.26173913e-01   6.10778868e-01   4.06906307e-01   8.26403946e-02
   6.25764072e-01   5.50773323e-01   3.89187425e-01   9.38334763e-02
   6.27969325e-01   5.39407551e-01   3.19606245e-01]
Squared sum of errors between actual and predicted output: 0.206783695259286

Actual ouput state iteration 35:
[  1.90000000e-03   0.00000000e+00   1.00000000e-04   0.00000000e+00
   0.00000000e+00   6.66666667e-01   2.72727273e-01   0.00000000e+00
   8.75000000e-01   6.66666667e-01   2.72727273e-01   0.00000000e+00
   1.25000000e-01   6.66666667e-01   2.72727273e-01   0.00000000e+00
   6.25000000e-01   6.66666667e-01   2.72727273e-01   6.94444444e-03
   6.25000000e-01   5.83333333e-01   2.72727273e-01   8.26446281e-03
   6.25000000e-01   6.66666667e-01   3.63636364e-01   1.52089073e-02
   6.25000000e-01   5.83333333e-01   3.63636364e-01   2.77777778e-02
   6.25000000e-01   5.00000000e-01   2.72727273e-01   3.30578512e-02
   6.25000000e-01   6.66666667e-01   4.54545455e-01   3.60422406e-02
   6.25000000e-01   5.00000000e-01   3.63636364e-01   4.00022957e-02
   6.25000000e-01   5.83333333e-01   4.54545455e-01]
Predicted output state:
[  2.65432149e-03   1.33174827e-09   9.99760668e-05   1.43411405e-09
   1.11458653e-09   8.17546725e-01   2.61827290e-01   1.49595747e-09
   1.23463556e-01   8.17546844e-01   2.61827201e-01   2.41823252e-02
   6.34523988e-01   6.55640721e-01   3.21694881e-01   3.26925144e-02
   6.23292685e-01   6.31817400e-01   3.41152042e-01   3.78957130e-02
   6.27672017e-01   6.47125602e-01   3.56786281e-01   5.43162003e-02
   6.28983915e-01   6.01902187e-01   3.09075773e-01   5.98507598e-02
   6.23646677e-01   5.95529795e-01   3.88884157e-01   7.09157586e-02
   6.27235413e-01   5.98182321e-01   4.14235264e-01   7.58846104e-02
   6.27565444e-01   5.80191255e-01   4.38492239e-01   8.46298486e-02
   6.27333462e-01   5.34538090e-01   2.98609853e-01   9.45151597e-02
   6.26853287e-01   5.70079982e-01   3.84727031e-01]
Squared sum of errors between actual and predicted output: 0.1159908783091873

Actual ouput state iteration 36:
[  2.00000000e-03   0.00000000e+00   1.00000000e-04   0.00000000e+00
   0.00000000e+00   5.83333333e-01   2.72727273e-01   0.00000000e+00
   6.25000000e-01   5.83333333e-01   2.72727273e-01   0.00000000e+00
   8.75000000e-01   5.83333333e-01   2.72727273e-01   0.00000000e+00
   1.25000000e-01   5.83333333e-01   2.72727273e-01   6.94444444e-03
   6.25000000e-01   6.66666667e-01   2.72727273e-01   6.94444444e-03
   8.75000000e-01   6.66666667e-01   2.72727273e-01   6.94444444e-03
   6.25000000e-01   5.00000000e-01   2.72727273e-01   8.26446281e-03
   6.25000000e-01   5.83333333e-01   3.63636364e-01   1.52089073e-02
   6.25000000e-01   6.66666667e-01   3.63636364e-01   1.52089073e-02
   6.25000000e-01   5.00000000e-01   3.63636364e-01   2.77777778e-02
   6.25000000e-01   4.16666667e-01   2.72727273e-01]
Predicted output state:
[  1.14126829e-03   1.63035740e-09   9.99568147e-05   1.50920365e-09
   1.20077293e-09   6.33569062e-01   2.90999025e-01   1.70732295e-09
   8.24512482e-01   6.33569300e-01   2.90999234e-01   9.46645334e-04
   1.64169043e-01   6.20766461e-01   3.17144543e-01   7.61798641e-04
   6.30211294e-01   6.17051721e-01   3.20023626e-01   1.10312912e-03
   6.44494951e-01   6.21396661e-01   3.30283940e-01   2.10369425e-03
   7.01820850e-01   5.77488124e-01   3.31453234e-01   2.52118218e-03
   7.48953998e-01   5.84198058e-01   3.47554535e-01   2.79078051e-03
   6.81825697e-01   6.39358699e-01   3.88958812e-01   2.37424555e-03
   6.71068788e-01   5.52059829e-01   3.56400698e-01   4.83229617e-03
   6.57286048e-01   5.45911849e-01   3.42150658e-01   5.28647890e-03
   6.65821612e-01   5.54245889e-01   3.69659722e-01]
Squared sum of errors between actual and predicted output: 0.12976230943092854

Actual ouput state iteration 37:
[  2.00000000e-03   0.00000000e+00   1.00000000e-04   0.00000000e+00
   0.00000000e+00   5.83333333e-01   1.81818182e-01   0.00000000e+00
   1.25000000e-01   5.83333333e-01   1.81818182e-01   8.26446281e-03
   6.25000000e-01   5.83333333e-01   2.72727273e-01   8.26446281e-03
   8.75000000e-01   5.83333333e-01   2.72727273e-01   1.52089073e-02
   6.25000000e-01   6.66666667e-01   2.72727273e-01   1.52089073e-02
   8.75000000e-01   6.66666667e-01   2.72727273e-01   1.52089073e-02
   6.25000000e-01   5.00000000e-01   2.72727273e-01   3.30578512e-02
   6.25000000e-01   5.83333333e-01   3.63636364e-01   3.60422406e-02
   6.25000000e-01   4.16666667e-01   2.72727273e-01   4.00022957e-02
   6.25000000e-01   6.66666667e-01   3.63636364e-01   4.00022957e-02
   6.25000000e-01   5.00000000e-01   3.63636364e-01]
Predicted output state:
[  2.34290166e-03   8.50067017e-10   9.99817930e-05   8.26975433e-10
   5.65219982e-10   5.96745610e-01   2.12378055e-01   8.01166744e-10
   8.41773987e-01   5.96745789e-01   2.12378100e-01   6.97058723e-16
   6.88351750e-01   6.02889597e-01   2.52101541e-01   1.09449786e-19
   2.31756419e-01   5.90224504e-01   2.76054174e-01   1.99958867e-19
   7.94430137e-01   5.87506175e-01   2.75867879e-01   1.21131047e-17
   6.59203589e-01   5.45058429e-01   2.75806457e-01   1.89397718e-16
   6.63866162e-01   5.51669776e-01   2.64739841e-01   1.31836642e-16
   6.49226725e-01   5.01573741e-01   3.79713893e-01   1.11830580e-18
   6.47099495e-01   5.29782534e-01   3.61436635e-01   5.46666647e-16
   6.42294049e-01   5.41597605e-01   3.29889446e-01   5.32784306e-16
   6.41275883e-01   4.43865567e-01   3.00730407e-01]
Squared sum of errors between actual and predicted output: 0.23549384474002114

Actual ouput state iteration 38:
[  2.00000000e-03   0.00000000e+00   1.00000000e-04   0.00000000e+00
   0.00000000e+00   5.00000000e-01   1.81818182e-01   0.00000000e+00
   1.25000000e-01   5.00000000e-01   1.81818182e-01   8.26446281e-03
   6.25000000e-01   5.00000000e-01   2.72727273e-01   1.52089073e-02
   6.25000000e-01   4.16666667e-01   2.72727273e-01   1.52089073e-02
   6.25000000e-01   5.83333333e-01   2.72727273e-01   1.52089073e-02
   8.75000000e-01   5.83333333e-01   2.72727273e-01   3.30578512e-02
   6.25000000e-01   5.00000000e-01   3.63636364e-01   3.60422406e-02
   6.25000000e-01   6.66666667e-01   2.72727273e-01   3.60422406e-02
   6.25000000e-01   3.33333333e-01   2.72727273e-01   4.00022957e-02
   6.25000000e-01   4.16666667e-01   3.63636364e-01   4.00022957e-02
   6.25000000e-01   5.83333333e-01   3.63636364e-01]
Predicted output state:
[  2.69536348e-03   2.32894704e-09   1.00020501e-04   2.55103161e-09
   2.16007456e-09   7.41947412e-01   2.00307742e-01   2.67483036e-09
   1.23914279e-01   7.41947651e-01   2.00307742e-01   2.60928497e-02
   6.32992506e-01   6.30321741e-01   2.81802088e-01   3.73829231e-02
   6.23480737e-01   5.95839739e-01   2.83118099e-01   4.22960930e-02
   6.28833294e-01   6.43203676e-01   3.33710015e-01   6.12040237e-02
   6.26993299e-01   5.79441369e-01   2.90815592e-01   6.87919036e-02
   6.24305308e-01   5.77509403e-01   3.01450670e-01   7.77491927e-02
   6.25907183e-01   5.85427761e-01   4.35186327e-01   8.63104314e-02
   6.25767112e-01   5.79040170e-01   3.68013144e-01   9.62534323e-02
   6.25388801e-01   5.19871950e-01   3.45211178e-01   1.07135713e-01
   6.26772046e-01   5.57575166e-01   2.62348354e-01]
Squared sum of errors between actual and predicted output: 0.29255967650765297



Maximum SSE occurred: 0.3179715032276201
Total SSE: 7.9851896069669115
Variance output object: 
[  2.98443750e-07   0.00000000e+00   4.59177481e-39   0.00000000e+00
   0.00000000e+00   3.81901042e-02   2.45402893e-02   0.00000000e+00
   8.67187500e-02   3.81901042e-02   2.45402893e-02   1.36704471e-05
   5.58984375e-02   2.56901042e-02   1.83832645e-02   4.76694379e-05
   4.83984375e-02   2.63845486e-02   1.69214876e-02   3.54313559e-05
   9.02343750e-03   2.91623264e-02   1.96229339e-02   9.65323954e-05
   1.24609375e-02   2.25303819e-02   1.71435950e-02   1.54880440e-04
   6.83593750e-03   1.55859375e-02   1.29700413e-02   2.33876928e-04
   5.62500000e-03   1.59331597e-02   9.25103306e-03   2.48136489e-04
   2.96875000e-03   1.85720486e-02   2.02479339e-02   2.92573932e-04
   1.52343750e-03   2.21831597e-02   9.91735537e-03   4.33743345e-04
   2.96875000e-03   2.08289931e-02   1.38636364e-02]
Variance predicted object: 
[  2.42456963e-07   2.95481620e-15   1.01329535e-15   4.27777346e-15
   1.94834137e-15   5.39733693e-02   3.56728174e-02   1.88715934e-15
   1.07450269e-01   5.39733991e-02   3.56728174e-02   8.11182981e-05
   2.94225868e-02   2.79434919e-02   1.92424227e-02   1.46979772e-04
   2.60521919e-02   2.25198325e-02   1.61518157e-02   1.88287406e-04
   4.71469993e-03   1.97591223e-02   1.37821436e-02   3.95157549e-04
   5.94382756e-04   1.75710283e-02   1.17922947e-02   4.88564780e-04
   1.68663950e-03   1.39856264e-02   1.04106935e-02   6.65789528e-04
   3.46105953e-04   1.29912226e-02   6.48266915e-03   7.74861313e-04
   2.25911106e-04   6.10259641e-03   6.46326412e-03   9.55408788e-04
   1.15793802e-04   1.30931884e-02   7.41252676e-03   1.20855065e-03
   1.65897902e-04   1.33867143e-02   7.94557668e-03]