Game: ZenPuzzle
File: 5-101_1.txt
Actual ouput state iteration 0:
[  1.00000000e-04   0.00000000e+00   1.00000000e-04   0.00000000e+00
   0.00000000e+00   2.50000000e-01   5.00000000e-01   0.00000000e+00
   1.25000000e-01   2.50000000e-01   5.00000000e-01   0.00000000e+00
   8.75000000e-01   2.50000000e-01   5.00000000e-01   0.00000000e+00
   6.25000000e-01   2.50000000e-01   5.00000000e-01   6.94444444e-03
   6.25000000e-01   3.33333333e-01   5.00000000e-01   6.94444444e-03
   6.25000000e-01   2.50000000e-01   4.16666667e-01   6.94444444e-03
   6.25000000e-01   2.50000000e-01   5.83333333e-01   1.38888889e-02
   6.25000000e-01   3.33333333e-01   4.16666667e-01   1.38888889e-02
   6.25000000e-01   3.33333333e-01   5.83333333e-01   2.77777778e-02
   6.25000000e-01   2.50000000e-01   6.66666667e-01   2.77777778e-02
   6.25000000e-01   2.50000000e-01   3.33333333e-01]
Predicted output state:
[  2.54814746e-03   4.37291847e-09   9.99255499e-05   5.10359399e-09
   3.12489790e-09   1.69913769e-01   5.24594307e-01   4.64972105e-09
   1.30022973e-01   1.69913858e-01   5.24594307e-01   1.27760889e-02
   6.40629828e-01   2.32113868e-01   5.22933304e-01   1.56202875e-02
   6.27616227e-01   2.55789250e-01   5.07851720e-01   1.95211601e-02
   6.31204963e-01   2.78837323e-01   4.78628725e-01   2.83858441e-02
   6.33174479e-01   3.19630802e-01   4.82594877e-01   3.09691280e-02
   6.25457585e-01   2.92050719e-01   5.80624938e-01   4.07483391e-02
   6.26134872e-01   3.54308844e-01   3.99500787e-01   3.97210941e-02
   6.29458010e-01   3.14647347e-01   5.35161197e-01   4.60510142e-02
   6.28294468e-01   3.16698283e-01   3.25779349e-01   5.26945591e-02
   6.25833929e-01   3.78327429e-01   6.30763948e-01]
Squared sum of errors between actual and predicted output: 0.04380738770452963

Actual ouput state iteration 1:
[  2.00000000e-04   0.00000000e+00   1.00000000e-04   0.00000000e+00
   0.00000000e+00   3.33333333e-01   5.00000000e-01   0.00000000e+00
   1.25000000e-01   3.33333333e-01   5.00000000e-01   0.00000000e+00
   6.25000000e-01   3.33333333e-01   5.00000000e-01   0.00000000e+00
   8.75000000e-01   3.33333333e-01   5.00000000e-01   6.94444444e-03
   6.25000000e-01   3.33333333e-01   4.16666667e-01   6.94444444e-03
   6.25000000e-01   2.50000000e-01   5.00000000e-01   6.94444444e-03
   8.75000000e-01   2.50000000e-01   5.00000000e-01   6.94444444e-03
   6.25000000e-01   3.33333333e-01   5.83333333e-01   6.94444444e-03
   6.25000000e-01   4.16666667e-01   5.00000000e-01   1.38888889e-02
   6.25000000e-01   2.50000000e-01   4.16666667e-01   1.38888889e-02
   6.25000000e-01   2.50000000e-01   5.83333333e-01]
Predicted output state:
[  2.58595776e-03   1.28600304e-08   9.99878903e-05   1.59460019e-08
   1.09264757e-08   2.25511417e-01   5.14591992e-01   1.26556570e-08
   1.37647405e-01   2.25511447e-01   5.14592052e-01   1.20818121e-02
   6.44554377e-01   2.66479045e-01   5.24810553e-01   1.70874801e-02
   6.34357333e-01   2.74433911e-01   4.88087177e-01   1.98591929e-02
   6.41630828e-01   3.32385212e-01   5.24286151e-01   3.11085675e-02
   6.28184736e-01   3.14401835e-01   5.05387127e-01   3.56120504e-02
   6.29910946e-01   2.95703530e-01   4.83601123e-01   4.14853357e-02
   6.23570740e-01   3.73263180e-01   5.09447515e-01   4.48715128e-02
   6.24375820e-01   4.23419148e-01   4.79670972e-01   5.28455414e-02
   6.24627650e-01   2.79217780e-01   4.78322625e-01   6.09719008e-02
   6.24576449e-01   3.02015513e-01   4.71169829e-01]
Squared sum of errors between actual and predicted output: 0.17412662001054538

Actual ouput state iteration 2:
[  3.00000000e-04   0.00000000e+00   1.00000000e-04   0.00000000e+00
   0.00000000e+00   3.33333333e-01   4.16666667e-01   0.00000000e+00
   6.25000000e-01   3.33333333e-01   4.16666667e-01   0.00000000e+00
   1.25000000e-01   3.33333333e-01   4.16666667e-01   0.00000000e+00
   8.75000000e-01   3.33333333e-01   4.16666667e-01   6.94444444e-03
   6.25000000e-01   3.33333333e-01   5.00000000e-01   6.94444444e-03
   8.75000000e-01   3.33333333e-01   5.00000000e-01   6.94444444e-03
   6.25000000e-01   2.50000000e-01   4.16666667e-01   6.94444444e-03
   6.25000000e-01   3.33333333e-01   3.33333333e-01   6.94444444e-03
   6.25000000e-01   4.16666667e-01   4.16666667e-01   1.38888889e-02
   8.75000000e-01   2.50000000e-01   5.00000000e-01   1.38888889e-02
   6.25000000e-01   2.50000000e-01   5.00000000e-01]
Predicted output state:
[  2.57008430e-03   1.44855035e-08   9.99747353e-05   1.79957222e-08
   1.24584263e-08   2.81942457e-01   5.38822889e-01   1.39163099e-08
   1.39079630e-01   2.81942368e-01   5.38822949e-01   1.08319959e-02
   6.46828055e-01   2.88322568e-01   5.58100820e-01   1.52705908e-02
   6.35823250e-01   2.95435190e-01   5.15148759e-01   1.76629294e-02
   6.43595994e-01   3.52272809e-01   5.49677491e-01   2.81071533e-02
   6.28201485e-01   3.25113565e-01   5.31735361e-01   3.24710608e-02
   6.30987048e-01   2.99698263e-01   5.07260382e-01   3.74787152e-02
   6.23588443e-01   3.93879265e-01   5.23836732e-01   4.06268686e-02
   6.24007285e-01   4.49498147e-01   4.90791023e-01   4.83030491e-02
   6.24630451e-01   2.80826956e-01   5.03210306e-01   5.61768524e-02
   6.24503672e-01   2.81547368e-01   4.93954748e-01]
Squared sum of errors between actual and predicted output: 0.19277046005470633

Actual ouput state iteration 3:
[  4.00000000e-04   0.00000000e+00   1.00000000e-04   0.00000000e+00
   0.00000000e+00   2.50000000e-01   4.16666667e-01   0.00000000e+00
   8.75000000e-01   2.50000000e-01   4.16666667e-01   0.00000000e+00
   6.25000000e-01   2.50000000e-01   4.16666667e-01   0.00000000e+00
   1.25000000e-01   2.50000000e-01   4.16666667e-01   6.94444444e-03
   6.25000000e-01   2.50000000e-01   5.00000000e-01   6.94444444e-03
   6.25000000e-01   3.33333333e-01   4.16666667e-01   6.94444444e-03
   8.75000000e-01   3.33333333e-01   4.16666667e-01   6.94444444e-03
   6.25000000e-01   2.50000000e-01   3.33333333e-01   1.38888889e-02
   6.25000000e-01   3.33333333e-01   5.00000000e-01   1.38888889e-02
   8.75000000e-01   3.33333333e-01   5.00000000e-01   1.38888889e-02
   6.25000000e-01   3.33333333e-01   3.33333333e-01]
Predicted output state:
[  2.53067678e-03   3.06520520e-09   9.99161275e-05   3.49914586e-09
   2.39488229e-09   2.92515814e-01   3.50893348e-01   3.37239481e-09
   1.31009519e-01   2.92516083e-01   3.50893348e-01   9.37183574e-03
   6.44415379e-01   3.06052119e-01   4.25515562e-01   1.17744915e-02
   6.28825486e-01   3.26662183e-01   4.12066311e-01   1.46446237e-02
   6.32501900e-01   3.50682825e-01   4.02317971e-01   2.21873634e-02
   6.33897245e-01   3.50907952e-01   4.11468923e-01   2.50528362e-02
   6.26580834e-01   3.43211383e-01   4.96227443e-01   3.18968892e-02
   6.26650751e-01   4.18463916e-01   3.71904105e-01   3.15513164e-02
   6.29485846e-01   3.87923628e-01   4.65616286e-01   3.74645665e-02
   6.28512025e-01   3.37690890e-01   3.10240775e-01   4.37931009e-02
   6.26665592e-01   3.63888562e-01   5.52145123e-01]
Squared sum of errors between actual and predicted output: 0.8141466933357606

Actual ouput state iteration 4:
[  4.00000000e-04   0.00000000e+00   1.00000000e-04   0.00000000e+00
   0.00000000e+00   2.50000000e-01   4.16666667e-01   0.00000000e+00
   8.75000000e-01   2.50000000e-01   4.16666667e-01   0.00000000e+00
   8.75000000e-01   2.50000000e-01   4.16666667e-01   0.00000000e+00
   6.25000000e-01   2.50000000e-01   4.16666667e-01   0.00000000e+00
   1.25000000e-01   2.50000000e-01   4.16666667e-01   6.94444444e-03
   6.25000000e-01   3.33333333e-01   4.16666667e-01   6.94444444e-03
   8.75000000e-01   3.33333333e-01   4.16666667e-01   6.94444444e-03
   6.25000000e-01   2.50000000e-01   5.00000000e-01   6.94444444e-03
   6.25000000e-01   2.50000000e-01   3.33333333e-01   1.38888889e-02
   6.25000000e-01   3.33333333e-01   5.00000000e-01   1.38888889e-02
   6.25000000e-01   3.33333333e-01   3.33333333e-01]
Predicted output state:
[  2.25048908e-03   2.63996425e-09   9.99480471e-05   2.81570500e-09
   1.84395899e-09   2.65948623e-01   3.37050974e-01   2.38045517e-09
   8.59532118e-01   2.65948743e-01   3.37051004e-01   2.92359642e-16
   6.98015928e-01   2.75761515e-01   4.31307763e-01   4.37517184e-20
   2.41197333e-01   2.98576653e-01   4.20144558e-01   8.44875557e-20
   8.04174662e-01   3.03029090e-01   4.12667394e-01   5.40029288e-18
   6.59893990e-01   3.07451248e-01   4.36990738e-01   8.46793528e-17
   6.68774664e-01   3.13867837e-01   4.40637022e-01   6.39107932e-17
   6.46486342e-01   3.06516320e-01   3.84475052e-01   5.03093627e-19
   6.45778537e-01   3.79453540e-01   4.50858474e-01   2.61056719e-16
   6.41669750e-01   3.03477019e-01   4.22517985e-01   2.58652892e-16
   6.37810409e-01   2.85747409e-01   4.82115835e-01]
Squared sum of errors between actual and predicted output: 0.22175637963574557

Actual ouput state iteration 5:
[  5.00000000e-04   0.00000000e+00   1.00000000e-04   0.00000000e+00
   0.00000000e+00   2.50000000e-01   3.33333333e-01   0.00000000e+00
   8.75000000e-01   2.50000000e-01   3.33333333e-01   0.00000000e+00
   6.25000000e-01   2.50000000e-01   3.33333333e-01   0.00000000e+00
   1.25000000e-01   2.50000000e-01   3.33333333e-01   6.94444444e-03
   6.25000000e-01   3.33333333e-01   3.33333333e-01   6.94444444e-03
   6.25000000e-01   2.50000000e-01   2.50000000e-01   6.94444444e-03
   6.25000000e-01   2.50000000e-01   4.16666667e-01   6.94444444e-03
   8.75000000e-01   2.50000000e-01   4.16666667e-01   6.94444444e-03
   8.75000000e-01   2.50000000e-01   4.16666667e-01   1.38888889e-02
   6.25000000e-01   3.33333333e-01   2.50000000e-01   1.38888889e-02
   6.25000000e-01   3.33333333e-01   4.16666667e-01]
Predicted output state:
[  2.27952120e-03   2.85702528e-09   9.99514668e-05   3.09047743e-09
   1.92650518e-09   3.08217496e-01   4.34485674e-01   2.52121990e-09
   8.59370172e-01   3.08217436e-01   4.34485734e-01   1.99302736e-16
   7.06126451e-01   2.94231266e-01   5.12342870e-01   2.56605272e-20
   2.36471787e-01   3.09253395e-01   4.94816124e-01   4.91673668e-20
   8.06805015e-01   3.16363037e-01   4.79093432e-01   3.32048186e-18
   6.58594906e-01   3.35342139e-01   4.94349986e-01   5.37897553e-17
   6.67641401e-01   3.15302193e-01   4.99870449e-01   4.05122855e-17
   6.46044016e-01   3.06610256e-01   4.22819555e-01   2.95379166e-19
   6.44983530e-01   3.78106952e-01   4.95873034e-01   1.66189241e-16
   6.41177475e-01   3.23440790e-01   4.59972203e-01   1.63752578e-16
   6.37104988e-01   3.10479611e-01   5.19360781e-01]
Squared sum of errors between actual and predicted output: 0.8290844762605984

Actual ouput state iteration 6:
[  6.00000000e-04   0.00000000e+00   1.00000000e-04   0.00000000e+00
   0.00000000e+00   3.33333333e-01   3.33333333e-01   0.00000000e+00
   1.25000000e-01   3.33333333e-01   3.33333333e-01   0.00000000e+00
   8.75000000e-01   3.33333333e-01   3.33333333e-01   0.00000000e+00
   6.25000000e-01   3.33333333e-01   3.33333333e-01   6.94444444e-03
   6.25000000e-01   3.33333333e-01   2.50000000e-01   6.94444444e-03
   6.25000000e-01   2.50000000e-01   3.33333333e-01   6.94444444e-03
   8.75000000e-01   2.50000000e-01   3.33333333e-01   6.94444444e-03
   6.25000000e-01   3.33333333e-01   4.16666667e-01   6.94444444e-03
   6.25000000e-01   4.16666667e-01   3.33333333e-01   1.38888889e-02
   6.25000000e-01   2.50000000e-01   2.50000000e-01   1.38888889e-02
   6.25000000e-01   4.16666667e-01   2.50000000e-01]
Predicted output state:
[  2.08895514e-03   2.66568811e-09   9.99460462e-05   2.79628787e-09
   1.92963112e-09   2.23317698e-01   2.73278594e-01   2.47078624e-09
   8.58002305e-01   2.23317757e-01   2.73278594e-01   5.38756492e-15
   6.41478419e-01   2.57458299e-01   3.68727744e-01   1.99739406e-18
   2.75310546e-01   2.87594885e-01   3.61605108e-01   3.80162490e-18
   7.90454745e-01   2.90792137e-01   3.62001598e-01   1.68496889e-16
   6.64878786e-01   2.84975082e-01   3.92849207e-01   2.02943991e-15
   6.77781582e-01   3.14061522e-01   3.96802902e-01   1.60149822e-15
   6.49846375e-01   3.13894600e-01   3.53506148e-01   2.04943178e-17
   6.48665667e-01   3.78114909e-01   4.12020862e-01   6.01177611e-15
   6.43415511e-01   2.86463082e-01   3.90538454e-01   6.03330260e-15
   6.40669286e-01   2.75532752e-01   4.54692423e-01]
Squared sum of errors between actual and predicted output: 0.2501995425268743

Actual ouput state iteration 7:
[  7.00000000e-04   0.00000000e+00   1.00000000e-04   0.00000000e+00
   0.00000000e+00   4.16666667e-01   3.33333333e-01   0.00000000e+00
   6.25000000e-01   4.16666667e-01   3.33333333e-01   0.00000000e+00
   8.75000000e-01   4.16666667e-01   3.33333333e-01   0.00000000e+00
   1.25000000e-01   4.16666667e-01   3.33333333e-01   6.94444444e-03
   6.25000000e-01   5.00000000e-01   3.33333333e-01   6.94444444e-03
   6.25000000e-01   4.16666667e-01   2.50000000e-01   6.94444444e-03
   8.75000000e-01   3.33333333e-01   3.33333333e-01   6.94444444e-03
   6.25000000e-01   3.33333333e-01   3.33333333e-01   6.94444444e-03
   6.25000000e-01   4.16666667e-01   4.16666667e-01   1.38888889e-02
   6.25000000e-01   5.00000000e-01   2.50000000e-01   1.38888889e-02
   6.25000000e-01   5.00000000e-01   4.16666667e-01]
Predicted output state:
[  2.56864610e-03   4.50126958e-09   9.99712938e-05   5.19870769e-09
   4.16526502e-09   2.74843127e-01   2.08261520e-01   5.07654629e-09
   1.35078028e-01   2.74843097e-01   2.08261520e-01   9.41781979e-03
   6.43565416e-01   2.92771399e-01   3.18382502e-01   1.30324261e-02
   6.31553888e-01   3.10174227e-01   3.00064921e-01   1.59171801e-02
   6.36135459e-01   3.52380961e-01   3.38531762e-01   2.46327855e-02
   6.31208181e-01   3.13106030e-01   3.44597369e-01   2.85202544e-02
   6.27766073e-01   3.51500839e-01   3.64416540e-01   3.44743431e-02
   6.24710262e-01   4.04512763e-01   3.68723482e-01   3.58645730e-02
   6.27084255e-01   4.27073658e-01   3.70745212e-01   4.28904183e-02
   6.26364827e-01   2.90666491e-01   3.42691630e-01   4.98909429e-02
   6.25848651e-01   3.43004882e-01   3.84222120e-01]
Squared sum of errors between actual and predicted output: 0.22763220739274376

Actual ouput state iteration 8:
[  8.00000000e-04   0.00000000e+00   1.00000000e-04   0.00000000e+00
   0.00000000e+00   4.16666667e-01   4.16666667e-01   0.00000000e+00
   8.75000000e-01   4.16666667e-01   4.16666667e-01   0.00000000e+00
   1.25000000e-01   4.16666667e-01   4.16666667e-01   0.00000000e+00
   6.25000000e-01   4.16666667e-01   4.16666667e-01   6.94444444e-03
   6.25000000e-01   5.00000000e-01   4.16666667e-01   6.94444444e-03
   6.25000000e-01   4.16666667e-01   5.00000000e-01   6.94444444e-03
   6.25000000e-01   3.33333333e-01   4.16666667e-01   6.94444444e-03
   8.75000000e-01   4.16666667e-01   3.33333333e-01   6.94444444e-03
   6.25000000e-01   4.16666667e-01   3.33333333e-01   1.38888889e-02
   6.25000000e-01   5.00000000e-01   5.00000000e-01   1.38888889e-02
   6.25000000e-01   5.00000000e-01   3.33333333e-01]
Predicted output state:
[  2.48630391e-03   1.26698507e-09   9.99704353e-05   1.29062938e-09
   8.42201031e-10   4.81514245e-01   2.74184406e-01   1.15311694e-09
   8.50701690e-01   4.81514364e-01   2.74184495e-01   2.58349069e-17
   7.44093180e-01   4.76518065e-01   3.35003674e-01   1.60728928e-21
   2.04379499e-01   4.74931628e-01   3.47896844e-01   3.06416355e-21
   8.11261594e-01   4.75328147e-01   3.41512531e-01   2.73752735e-19
   6.54670119e-01   4.55889612e-01   3.47539961e-01   5.61089844e-18
   6.56280518e-01   4.52262640e-01   3.39248687e-01   3.84507298e-18
   6.44669592e-01   4.09415126e-01   3.93225729e-01   1.94410918e-20
   6.43866658e-01   4.69393641e-01   4.11064774e-01   1.73364020e-17
   6.40390217e-01   4.51044768e-01   3.76812309e-01   1.68013485e-17
   6.37174428e-01   3.75343382e-01   3.73953760e-01]
Squared sum of errors between actual and predicted output: 0.25608434511724437

Actual ouput state iteration 9:
[  9.00000000e-04   0.00000000e+00   1.00000000e-04   0.00000000e+00
   0.00000000e+00   5.00000000e-01   4.16666667e-01   0.00000000e+00
   8.75000000e-01   5.00000000e-01   4.16666667e-01   0.00000000e+00
   1.25000000e-01   5.00000000e-01   4.16666667e-01   0.00000000e+00
   6.25000000e-01   5.00000000e-01   4.16666667e-01   6.94444444e-03
   8.75000000e-01   4.16666667e-01   4.16666667e-01   6.94444444e-03
   6.25000000e-01   4.16666667e-01   4.16666667e-01   6.94444444e-03
   6.25000000e-01   5.00000000e-01   5.00000000e-01   6.94444444e-03
   6.25000000e-01   5.83333333e-01   4.16666667e-01   6.94444444e-03
   6.25000000e-01   5.00000000e-01   3.33333333e-01   1.38888889e-02
   6.25000000e-01   4.16666667e-01   5.00000000e-01   1.38888889e-02
   6.25000000e-01   4.16666667e-01   3.33333333e-01]
Predicted output state:
[  1.10497233e-03   3.21727400e-09   9.99435651e-05   3.13292481e-09
   2.42510056e-09   4.12973672e-01   3.76305759e-01   3.28877992e-09
   8.34404886e-01   4.12973672e-01   3.76305908e-01   1.06685597e-03
   1.60878003e-01   4.22781378e-01   4.18144494e-01   9.85660707e-04
   6.43901646e-01   4.42310423e-01   3.99627835e-01   1.46397413e-03
   6.48309886e-01   4.52879727e-01   4.07838762e-01   2.67548976e-03
   7.02728868e-01   4.37011451e-01   4.21813607e-01   3.04938713e-03
   7.52385736e-01   4.45994169e-01   4.46817368e-01   3.55957332e-03
   6.80863023e-01   5.24730802e-01   3.92834038e-01   3.17857252e-03
   6.70752823e-01   4.60565269e-01   4.03524816e-01   6.00023614e-03
   6.57104850e-01   4.07290071e-01   3.91547799e-01   6.61241030e-03
   6.64388597e-01   4.64539707e-01   4.68842983e-01]
Squared sum of errors between actual and predicted output: 0.15742484210246685

Actual ouput state iteration 10:
[  1.00000000e-03   0.00000000e+00   1.00000000e-04   0.00000000e+00
   0.00000000e+00   5.00000000e-01   3.33333333e-01   0.00000000e+00
   1.25000000e-01   5.00000000e-01   3.33333333e-01   0.00000000e+00
   8.75000000e-01   5.00000000e-01   3.33333333e-01   0.00000000e+00
   6.25000000e-01   5.00000000e-01   3.33333333e-01   6.94444444e-03
   6.25000000e-01   4.16666667e-01   3.33333333e-01   6.94444444e-03
   6.25000000e-01   5.00000000e-01   2.50000000e-01   6.94444444e-03
   6.25000000e-01   5.83333333e-01   3.33333333e-01   6.94444444e-03
   8.75000000e-01   5.00000000e-01   4.16666667e-01   6.94444444e-03
   6.25000000e-01   5.00000000e-01   4.16666667e-01   1.38888889e-02
   6.25000000e-01   4.16666667e-01   2.50000000e-01   1.38888889e-02
   8.75000000e-01   4.16666667e-01   4.16666667e-01]
Predicted output state:
[  1.08643179e-03   2.81081136e-09   9.99453696e-05   2.70970757e-09
   2.09643325e-09   5.03470361e-01   3.87525827e-01   2.88516167e-09
   8.28938484e-01   5.03470361e-01   3.87526065e-01   3.14886542e-03
   1.50617003e-01   4.89161313e-01   4.21893209e-01   3.92410206e-03
   6.56275392e-01   4.98771369e-01   4.05212283e-01   5.69713768e-03
   6.40945077e-01   5.09418726e-01   4.12384957e-01   9.17776674e-03
   7.03686893e-01   4.89194930e-01   4.19843286e-01   9.56099294e-03
   7.54257381e-01   4.86144662e-01   4.44779366e-01   1.12035796e-02
   6.82222605e-01   5.65575838e-01   4.06139970e-01   1.18484022e-02
   6.71447277e-01   4.89346921e-01   4.05233443e-01   1.82298366e-02
   6.57549381e-01   4.53114271e-01   3.92513186e-01   2.01314222e-02
   6.65493727e-01   5.01731992e-01   4.58131909e-01]
Squared sum of errors between actual and predicted output: 0.1502414232081689

Actual ouput state iteration 11:
[  1.10000000e-03   0.00000000e+00   1.00000000e-04   0.00000000e+00
   0.00000000e+00   5.83333333e-01   3.33333333e-01   0.00000000e+00
   8.75000000e-01   5.83333333e-01   3.33333333e-01   0.00000000e+00
   1.25000000e-01   5.83333333e-01   3.33333333e-01   0.00000000e+00
   6.25000000e-01   5.83333333e-01   3.33333333e-01   6.94444444e-03
   6.25000000e-01   6.66666667e-01   3.33333333e-01   6.94444444e-03
   6.25000000e-01   5.83333333e-01   2.50000000e-01   6.94444444e-03
   8.75000000e-01   5.00000000e-01   3.33333333e-01   6.94444444e-03
   6.25000000e-01   5.00000000e-01   3.33333333e-01   6.94444444e-03
   6.25000000e-01   5.83333333e-01   4.16666667e-01   1.38888889e-02
   6.25000000e-01   6.66666667e-01   2.50000000e-01   1.38888889e-02
   6.25000000e-01   6.66666667e-01   4.16666667e-01]
Predicted output state:
[  2.56492035e-03   1.92100869e-09   9.99440381e-05   2.11856976e-09
   1.56075941e-09   4.90706891e-01   2.47091606e-01   2.18324536e-09
   1.26903623e-01   4.90707070e-01   2.47091547e-01   1.09183462e-02
   6.42371476e-01   4.52435762e-01   3.35395604e-01   1.41426297e-02
   6.25948966e-01   4.59153712e-01   3.32957298e-01   1.71779972e-02
   6.29586995e-01   4.77347493e-01   3.36252332e-01   2.60313265e-02
   6.33305192e-01   4.42807823e-01   3.39885563e-01   2.97931843e-02
   6.25492811e-01   4.56334352e-01   4.03864741e-01   3.64386179e-02
   6.27417445e-01   5.03119826e-01   3.64987284e-01   3.71097624e-02
   6.29456460e-01   4.75952089e-01   4.05511975e-01   4.36408222e-02
   6.28353000e-01   4.10836369e-01   2.94181168e-01   5.09334318e-02
   6.27777338e-01   4.31842506e-01   4.49477464e-01]
Squared sum of errors between actual and predicted output: 0.24381186311853

Actual ouput state iteration 12:
[  1.20000000e-03   0.00000000e+00   1.00000000e-04   0.00000000e+00
   0.00000000e+00   6.66666667e-01   3.33333333e-01   0.00000000e+00
   8.75000000e-01   6.66666667e-01   3.33333333e-01   0.00000000e+00
   1.25000000e-01   6.66666667e-01   3.33333333e-01   0.00000000e+00
   6.25000000e-01   6.66666667e-01   3.33333333e-01   6.94444444e-03
   6.25000000e-01   5.83333333e-01   3.33333333e-01   6.94444444e-03
   8.75000000e-01   5.83333333e-01   3.33333333e-01   6.94444444e-03
   6.25000000e-01   6.66666667e-01   2.50000000e-01   6.94444444e-03
   6.25000000e-01   6.66666667e-01   4.16666667e-01   1.38888889e-02
   6.25000000e-01   5.83333333e-01   2.50000000e-01   1.38888889e-02
   6.25000000e-01   5.83333333e-01   4.16666667e-01   2.77777778e-02
   8.75000000e-01   5.00000000e-01   3.33333333e-01]
Predicted output state:
[  1.10349117e-03   1.79207338e-09   9.99530967e-05   1.67098557e-09
   1.31493061e-09   6.58466220e-01   3.35139424e-01   1.86773863e-09
   8.23035061e-01   6.58466399e-01   3.35139573e-01   3.33930715e-03
   1.50629893e-01   6.24917805e-01   3.60134333e-01   3.97108542e-03
   6.49673581e-01   6.18080556e-01   3.57118070e-01   5.65787451e-03
   6.37656152e-01   6.24311268e-01   3.65347117e-01   9.21574607e-03
   7.03420520e-01   5.86528182e-01   3.63961160e-01   9.78892203e-03
   7.52677560e-01   5.79495311e-01   3.83522183e-01   1.11017143e-02
   6.83156073e-01   6.43554926e-01   4.06583339e-01   1.16525060e-02
   6.71831489e-01   5.52332461e-01   3.76637340e-01   1.83016360e-02
   6.57800317e-01   5.48472464e-01   3.62806350e-01   2.01367587e-02
   6.66632891e-01   5.63668728e-01   3.95655960e-01]
Squared sum of errors between actual and predicted output: 0.14021691197247207

Actual ouput state iteration 13:
[  1.30000000e-03   0.00000000e+00   1.00000000e-04   0.00000000e+00
   0.00000000e+00   6.66666667e-01   4.16666667e-01   0.00000000e+00
   8.75000000e-01   6.66666667e-01   4.16666667e-01   0.00000000e+00
   1.25000000e-01   6.66666667e-01   4.16666667e-01   0.00000000e+00
   6.25000000e-01   6.66666667e-01   4.16666667e-01   6.94444444e-03
   6.25000000e-01   5.83333333e-01   4.16666667e-01   6.94444444e-03
   6.25000000e-01   6.66666667e-01   5.00000000e-01   6.94444444e-03
   8.75000000e-01   6.66666667e-01   3.33333333e-01   6.94444444e-03
   6.25000000e-01   6.66666667e-01   3.33333333e-01   1.38888889e-02
   6.25000000e-01   5.83333333e-01   5.00000000e-01   1.38888889e-02
   6.25000000e-01   5.83333333e-01   3.33333333e-01   1.38888889e-02
   8.75000000e-01   5.83333333e-01   3.33333333e-01]
Predicted output state:
[  1.11117051e-03   1.69120185e-09   9.99536642e-05   1.56829127e-09
   1.24738042e-09   6.54203296e-01   3.09045643e-01   1.77121862e-09
   8.23556066e-01   6.54203415e-01   3.09045851e-01   2.54706573e-03
   1.53124541e-01   6.27609253e-01   3.36423218e-01   2.79028690e-03
   6.45254195e-01   6.22066855e-01   3.36313486e-01   3.99389956e-03
   6.38767421e-01   6.27174854e-01   3.45992655e-01   6.72945008e-03
   7.03210652e-01   5.84869087e-01   3.46004844e-01   7.34609459e-03
   7.51870036e-01   5.85021555e-01   3.64236921e-01   8.27053376e-03
   6.82956159e-01   6.46329045e-01   3.96896750e-01   8.30962230e-03
   6.71786249e-01   5.55712283e-01   3.64599884e-01   1.38154766e-02
   6.57769799e-01   5.49398482e-01   3.51472616e-01   1.51886987e-02
   6.66593254e-01   5.60351014e-01   3.81554604e-01]
Squared sum of errors between actual and predicted output: 0.15296915643424547

Actual ouput state iteration 14:
[  1.40000000e-03   0.00000000e+00   1.00000000e-04   0.00000000e+00
   0.00000000e+00   5.83333333e-01   4.16666667e-01   0.00000000e+00
   6.25000000e-01   5.83333333e-01   4.16666667e-01   0.00000000e+00
   8.75000000e-01   5.83333333e-01   4.16666667e-01   0.00000000e+00
   1.25000000e-01   5.83333333e-01   4.16666667e-01   6.94444444e-03
   8.75000000e-01   6.66666667e-01   4.16666667e-01   6.94444444e-03
   6.25000000e-01   6.66666667e-01   4.16666667e-01   6.94444444e-03
   6.25000000e-01   5.83333333e-01   5.00000000e-01   6.94444444e-03
   6.25000000e-01   5.83333333e-01   3.33333333e-01   6.94444444e-03
   6.25000000e-01   5.00000000e-01   4.16666667e-01   1.38888889e-02
   6.25000000e-01   6.66666667e-01   5.00000000e-01   1.38888889e-02
   8.75000000e-01   6.66666667e-01   3.33333333e-01]
Predicted output state:
[  1.12289784e-03   1.88047111e-09   9.99596741e-05   1.77048587e-09
   1.33344857e-09   6.90559804e-01   4.12901670e-01   1.92418059e-09
   8.23444366e-01   6.90559983e-01   4.12901849e-01   1.98605051e-03
   1.56585291e-01   6.44907355e-01   4.16841120e-01   1.93649286e-03
   6.40740395e-01   6.30368292e-01   4.10666138e-01   2.74761417e-03
   6.41849279e-01   6.38519645e-01   4.12924200e-01   4.81828302e-03
   7.02115834e-01   6.14494443e-01   4.03258711e-01   5.37057314e-03
   7.51218915e-01   5.85068822e-01   4.23547566e-01   6.05033990e-03
   6.82654321e-01   6.43562734e-01   4.38145399e-01   5.73758688e-03
   6.71104431e-01   5.50907195e-01   4.09662664e-01   1.01190656e-02
   6.57310069e-01   5.71294487e-01   3.88861924e-01   1.10571291e-02
   6.65997982e-01   5.91976047e-01   4.18929249e-01]
Squared sum of errors between actual and predicted output: 0.14004884690209585

Actual ouput state iteration 15:
[  1.50000000e-03   0.00000000e+00   1.00000000e-04   0.00000000e+00
   0.00000000e+00   5.83333333e-01   5.00000000e-01   0.00000000e+00
   6.25000000e-01   5.83333333e-01   5.00000000e-01   0.00000000e+00
   8.75000000e-01   5.83333333e-01   5.00000000e-01   0.00000000e+00
   1.25000000e-01   5.83333333e-01   5.00000000e-01   6.94444444e-03
   6.25000000e-01   6.66666667e-01   5.00000000e-01   6.94444444e-03
   6.25000000e-01   5.83333333e-01   4.16666667e-01   6.94444444e-03
   8.75000000e-01   5.83333333e-01   4.16666667e-01   6.94444444e-03
   6.25000000e-01   5.83333333e-01   5.83333333e-01   6.94444444e-03
   6.25000000e-01   5.00000000e-01   5.00000000e-01   1.38888889e-02
   8.75000000e-01   6.66666667e-01   4.16666667e-01   1.38888889e-02
   6.25000000e-01   6.66666667e-01   4.16666667e-01]
Predicted output state:
[  2.63808738e-03   1.02300501e-09   9.99934200e-05   1.04205433e-09
   6.16239171e-10   6.85871601e-01   4.25974101e-01   8.99838426e-10
   8.44175875e-01   6.85871840e-01   4.25974131e-01   8.57284776e-18
   7.66079009e-01   6.34042025e-01   4.30227220e-01   3.24961216e-22
   1.86500683e-01   5.99382877e-01   4.47256744e-01   6.00810955e-22
   8.15885603e-01   6.03430688e-01   4.25708443e-01   6.37747980e-20
   6.50497377e-01   6.04510546e-01   4.03372824e-01   1.47937965e-18
   6.49779856e-01   5.38330674e-01   3.90910804e-01   9.72149598e-19
   6.43847287e-01   4.71572250e-01   4.75294858e-01   3.86463952e-21
   6.42046869e-01   5.13472557e-01   4.75103706e-01   4.52647459e-18
   6.39148891e-01   5.83949924e-01   4.20661986e-01   4.28885083e-18
   6.36264145e-01   4.95568573e-01   3.83004606e-01]
Squared sum of errors between actual and predicted output: 0.25522695556589464

Actual ouput state iteration 16:
[  1.50000000e-03   0.00000000e+00   1.00000000e-04   0.00000000e+00
   0.00000000e+00   5.83333333e-01   5.00000000e-01   0.00000000e+00
   8.75000000e-01   5.83333333e-01   5.00000000e-01   0.00000000e+00
   6.25000000e-01   5.83333333e-01   5.00000000e-01   0.00000000e+00
   1.25000000e-01   5.83333333e-01   5.00000000e-01   0.00000000e+00
   8.75000000e-01   5.83333333e-01   5.00000000e-01   6.94444444e-03
   6.25000000e-01   6.66666667e-01   5.00000000e-01   6.94444444e-03
   6.25000000e-01   5.83333333e-01   4.16666667e-01   6.94444444e-03
   8.75000000e-01   5.83333333e-01   4.16666667e-01   6.94444444e-03
   6.25000000e-01   5.00000000e-01   5.00000000e-01   6.94444444e-03
   6.25000000e-01   5.83333333e-01   5.83333333e-01   1.38888889e-02
   6.25000000e-01   6.66666667e-01   4.16666667e-01]
Predicted output state:
[  2.61136424e-03   1.04960052e-09   1.00001816e-04   1.07553688e-09
   6.04774342e-10   7.54959643e-01   5.39635420e-01   9.07345754e-10
   8.41315091e-01   7.54959762e-01   5.39635479e-01   1.97721478e-17
   7.54744232e-01   6.85202897e-01   5.09118199e-01   9.04432234e-22
   1.92099959e-01   6.38993561e-01   5.22570014e-01   1.63185317e-21
   8.13041151e-01   6.45987034e-01   4.92452472e-01   1.58530858e-19
   6.50680661e-01   6.61455750e-01   4.55531150e-01   3.42332439e-18
   6.51758075e-01   5.64052403e-01   4.43853110e-01   2.27163049e-18
   6.44964576e-01   4.94604498e-01   5.22623837e-01   1.00970690e-20
   6.42252862e-01   5.24380386e-01   5.19467831e-01   1.02517878e-17
   6.39230013e-01   6.32295132e-01   4.55431432e-01   9.66798774e-18
   6.36802852e-01   5.53131044e-01   4.09377962e-01]
Squared sum of errors between actual and predicted output: 0.3221528298321621

Actual ouput state iteration 17:
[  1.60000000e-03   0.00000000e+00   1.00000000e-04   0.00000000e+00
   0.00000000e+00   6.66666667e-01   5.00000000e-01   0.00000000e+00
   8.75000000e-01   6.66666667e-01   5.00000000e-01   0.00000000e+00
   1.25000000e-01   6.66666667e-01   5.00000000e-01   0.00000000e+00
   6.25000000e-01   6.66666667e-01   5.00000000e-01   6.94444444e-03
   6.25000000e-01   5.83333333e-01   5.00000000e-01   6.94444444e-03
   8.75000000e-01   5.83333333e-01   5.00000000e-01   6.94444444e-03
   8.75000000e-01   5.83333333e-01   5.00000000e-01   6.94444444e-03
   6.25000000e-01   6.66666667e-01   4.16666667e-01   6.94444444e-03
   6.25000000e-01   6.66666667e-01   5.83333333e-01   1.38888889e-02
   6.25000000e-01   5.83333333e-01   4.16666667e-01   1.38888889e-02
   6.25000000e-01   5.83333333e-01   5.83333333e-01]
Predicted output state:
[  2.73190066e-03   1.19836829e-09   9.99979966e-05   1.25108790e-09
   6.90223545e-10   7.14333594e-01   5.61060190e-01   1.02012121e-09
   8.45410526e-01   7.14333713e-01   5.61060190e-01   2.31359977e-18
   7.86746860e-01   6.37647271e-01   5.39348781e-01   5.68439158e-23
   1.74761131e-01   5.93514740e-01   5.47619164e-01   1.05121837e-22
   8.22630048e-01   6.01800621e-01   5.15343249e-01   1.32105195e-20
   6.47561312e-01   6.25710726e-01   4.81596410e-01   3.43191342e-19
   6.45849347e-01   5.23641586e-01   4.70419347e-01   2.23064271e-19
   6.42131567e-01   4.53396201e-01   5.24839759e-01   7.03827304e-22
   6.40256643e-01   4.99750733e-01   5.36529958e-01   1.06910768e-18
   6.38031363e-01   5.96536517e-01   4.72105265e-01   1.00266078e-18
   6.34442329e-01   5.19453526e-01   4.35195714e-01]
Squared sum of errors between actual and predicted output: 0.2105291135420911

Actual ouput state iteration 18:
[  1.70000000e-03   0.00000000e+00   1.00000000e-04   0.00000000e+00
   0.00000000e+00   6.66666667e-01   5.83333333e-01   0.00000000e+00
   8.75000000e-01   6.66666667e-01   5.83333333e-01   0.00000000e+00
   1.25000000e-01   6.66666667e-01   5.83333333e-01   0.00000000e+00
   6.25000000e-01   6.66666667e-01   5.83333333e-01   6.94444444e-03
   6.25000000e-01   5.83333333e-01   5.83333333e-01   6.94444444e-03
   6.25000000e-01   6.66666667e-01   6.66666667e-01   6.94444444e-03
   8.75000000e-01   6.66666667e-01   5.00000000e-01   6.94444444e-03
   6.25000000e-01   6.66666667e-01   5.00000000e-01   1.38888889e-02
   6.25000000e-01   5.83333333e-01   6.66666667e-01   1.38888889e-02
   8.75000000e-01   5.83333333e-01   5.00000000e-01   1.38888889e-02
   6.25000000e-01   5.83333333e-01   5.00000000e-01]
Predicted output state:
[  1.13730703e-03   2.34769693e-09   9.99664335e-05   2.26847163e-09
   1.58617552e-09   7.09805310e-01   5.69478691e-01   2.32393282e-09
   8.24346602e-01   7.09805429e-01   5.69478869e-01   1.36350584e-03
   1.61745071e-01   6.43296361e-01   5.39096951e-01   1.13376556e-03
   6.35237396e-01   6.19574010e-01   5.22416770e-01   1.59626175e-03
   6.46714926e-01   6.32811129e-01   5.13682961e-01   2.95828097e-03
   7.00606883e-01   6.35225117e-01   4.91803855e-01   3.39004910e-03
   7.50469446e-01   5.68064094e-01   5.15030503e-01   3.84295080e-03
   6.82005763e-01   6.25235200e-01   4.93058413e-01   3.35516525e-03
   6.70081258e-01   5.32288313e-01   4.76436883e-01   6.42683590e-03
   6.56619072e-01   5.82672656e-01   4.44765478e-01   6.96373265e-03
   6.64942443e-01   6.22060418e-01   4.79787022e-01]
Squared sum of errors between actual and predicted output: 0.13255090503364955

Actual ouput state iteration 19:
[  1.80000000e-03   0.00000000e+00   1.00000000e-04   0.00000000e+00
   0.00000000e+00   5.83333333e-01   5.83333333e-01   0.00000000e+00
   6.25000000e-01   5.83333333e-01   5.83333333e-01   0.00000000e+00
   8.75000000e-01   5.83333333e-01   5.83333333e-01   0.00000000e+00
   1.25000000e-01   5.83333333e-01   5.83333333e-01   6.94444444e-03
   8.75000000e-01   6.66666667e-01   5.83333333e-01   6.94444444e-03
   6.25000000e-01   5.83333333e-01   6.66666667e-01   6.94444444e-03
   6.25000000e-01   6.66666667e-01   5.83333333e-01   6.94444444e-03
   6.25000000e-01   5.83333333e-01   5.00000000e-01   6.94444444e-03
   6.25000000e-01   5.00000000e-01   5.83333333e-01   1.38888889e-02
   6.25000000e-01   6.66666667e-01   6.66666667e-01   1.38888889e-02
   8.75000000e-01   6.66666667e-01   5.00000000e-01]
Predicted output state:
[  1.14043965e-03   2.62151389e-09   9.99701588e-05   2.56636068e-09
   1.72456116e-09   7.28660405e-01   6.52699590e-01   2.55007326e-09
   8.24313581e-01   7.28660524e-01   6.52699709e-01   1.35619775e-03
   1.62412927e-01   6.49314463e-01   6.05680645e-01   1.09613268e-03
   6.34839714e-01   6.19599760e-01   5.84090889e-01   1.53169583e-03
   6.48085356e-01   6.35747015e-01   5.69751322e-01   2.85641709e-03
   7.00015306e-01   6.51731849e-01   5.40904999e-01   3.26578016e-03
   7.50536382e-01   5.63030183e-01   5.65010548e-01   3.72054195e-03
   6.81901336e-01   6.19846463e-01   5.25047243e-01   3.20752570e-03
   6.69665217e-01   5.25556862e-01   5.13583541e-01   6.18282054e-03
   6.56333208e-01   5.93813121e-01   4.76599663e-01   6.67266315e-03
   6.64561510e-01   6.42006755e-01   5.12114227e-01]
Squared sum of errors between actual and predicted output: 0.16873153525623621

Actual ouput state iteration 20:
[  1.90000000e-03   0.00000000e+00   1.00000000e-04   0.00000000e+00
   0.00000000e+00   5.00000000e-01   5.83333333e-01   0.00000000e+00
   1.25000000e-01   5.00000000e-01   5.83333333e-01   0.00000000e+00
   8.75000000e-01   5.00000000e-01   5.83333333e-01   0.00000000e+00
   6.25000000e-01   5.00000000e-01   5.83333333e-01   6.94444444e-03
   6.25000000e-01   5.00000000e-01   6.66666667e-01   6.94444444e-03
   6.25000000e-01   4.16666667e-01   5.83333333e-01   6.94444444e-03
   8.75000000e-01   5.83333333e-01   5.83333333e-01   6.94444444e-03
   6.25000000e-01   5.00000000e-01   5.00000000e-01   6.94444444e-03
   6.25000000e-01   5.83333333e-01   5.83333333e-01   1.38888889e-02
   6.25000000e-01   4.16666667e-01   6.66666667e-01   1.38888889e-02
   6.25000000e-01   5.83333333e-01   6.66666667e-01]
Predicted output state:
[  2.61613773e-03   1.30777467e-09   1.00000856e-04   1.36858735e-09
   7.42655937e-10   7.32876182e-01   6.20615721e-01   1.10912579e-09
   8.43576193e-01   7.32876301e-01   6.20615721e-01   1.51981070e-17
   7.58927822e-01   6.51695609e-01   5.81332028e-01   6.44244198e-22
   1.91252321e-01   6.03339314e-01   5.85748911e-01   1.16494788e-21
   8.15437198e-01   6.14375353e-01   5.51351249e-01   1.16692385e-19
   6.49999678e-01   6.45987213e-01   5.11716604e-01   2.55387775e-18
   6.51841164e-01   5.29904664e-01   5.02131522e-01   1.71199121e-18
   6.44344211e-01   4.64584172e-01   5.46967149e-01   7.27739205e-21
   6.41619503e-01   5.00144541e-01   5.57427764e-01   7.71702436e-18
   6.38834357e-01   6.12504780e-01   4.90336835e-01   7.26248282e-18
   6.35948777e-01   5.47400177e-01   4.53314394e-01]
Squared sum of errors between actual and predicted output: 0.3061333077531113

Actual ouput state iteration 21:
[  2.00000000e-03   0.00000000e+00   1.00000000e-04   0.00000000e+00
   0.00000000e+00   4.16666667e-01   5.83333333e-01   0.00000000e+00
   8.75000000e-01   4.16666667e-01   5.83333333e-01   0.00000000e+00
   1.25000000e-01   4.16666667e-01   5.83333333e-01   0.00000000e+00
   6.25000000e-01   4.16666667e-01   5.83333333e-01   6.94444444e-03
   6.25000000e-01   4.16666667e-01   6.66666667e-01   6.94444444e-03
   8.75000000e-01   5.00000000e-01   5.83333333e-01   6.94444444e-03
   6.25000000e-01   5.00000000e-01   5.83333333e-01   6.94444444e-03
   6.25000000e-01   3.33333333e-01   5.83333333e-01   6.94444444e-03
   6.25000000e-01   4.16666667e-01   5.00000000e-01   1.38888889e-02
   6.25000000e-01   5.00000000e-01   6.66666667e-01   1.38888889e-02
   6.25000000e-01   3.33333333e-01   6.66666667e-01]
Predicted output state:
[  2.59646750e-03   5.39561285e-09   9.99977128e-05   6.49613519e-09
   4.04908196e-09   5.30836523e-01   6.52611256e-01   5.38780753e-09
   1.30264223e-01   5.30836523e-01   6.52611196e-01   1.34576289e-02
   6.43261075e-01   4.44568068e-01   6.41811788e-01   1.74589828e-02
   6.30390584e-01   4.24992710e-01   6.09638512e-01   2.00844631e-02
   6.38391674e-01   4.66245562e-01   6.06895626e-01   3.09896003e-02
   6.28804803e-01   4.80802864e-01   5.74490786e-01   3.47984657e-02
   6.28097057e-01   4.14859325e-01   6.02811575e-01   4.21360582e-02
   6.25859380e-01   4.47167188e-01   5.46090305e-01   4.36463542e-02
   6.25817358e-01   4.64572757e-01   5.57213187e-01   5.06111123e-02
   6.25635803e-01   4.05006409e-01   4.87695932e-01   5.80064841e-02
   6.25426710e-01   4.87330437e-01   5.53898454e-01]
Squared sum of errors between actual and predicted output: 0.2585892831609363

Actual ouput state iteration 22:
[  2.10000000e-03   0.00000000e+00   1.00000000e-04   0.00000000e+00
   0.00000000e+00   3.33333333e-01   5.83333333e-01   0.00000000e+00
   6.25000000e-01   3.33333333e-01   5.83333333e-01   0.00000000e+00
   8.75000000e-01   3.33333333e-01   5.83333333e-01   0.00000000e+00
   1.25000000e-01   3.33333333e-01   5.83333333e-01   6.94444444e-03
   6.25000000e-01   3.33333333e-01   6.66666667e-01   6.94444444e-03
   6.25000000e-01   2.50000000e-01   5.83333333e-01   6.94444444e-03
   6.25000000e-01   3.33333333e-01   5.00000000e-01   6.94444444e-03
   6.25000000e-01   4.16666667e-01   5.83333333e-01   6.94444444e-03
   8.75000000e-01   4.16666667e-01   5.83333333e-01   1.38888889e-02
   6.25000000e-01   2.50000000e-01   6.66666667e-01   1.38888889e-02
   6.25000000e-01   4.16666667e-01   6.66666667e-01]
Predicted output state:
[  1.13033957e-03   5.24074073e-09   9.99529002e-05   5.39276268e-09
   3.62645247e-09   4.36829686e-01   6.71302974e-01   5.01867570e-09
   8.37262154e-01   4.36829686e-01   6.71303153e-01   4.60310519e-04
   1.72366798e-01   3.98599714e-01   6.56629741e-01   3.08390416e-04
   6.33606374e-01   4.02415782e-01   6.18072450e-01   4.53126326e-04
   6.58777297e-01   4.23271418e-01   6.06236458e-01   9.29982925e-04
   6.99837148e-01   4.62092757e-01   6.00203335e-01   1.12416071e-03
   7.51100063e-01   3.97910208e-01   6.29480064e-01   1.33258791e-03
   6.79378748e-01   4.74928230e-01   4.95233446e-01   1.00305269e-03
   6.68661177e-01   4.17348802e-01   5.35446286e-01   2.24709860e-03
   6.55726194e-01   4.12522167e-01   5.05030811e-01   2.44067796e-03
   6.62106037e-01   5.10450602e-01   5.95739067e-01]
Squared sum of errors between actual and predicted output: 0.19971225494113617

Actual ouput state iteration 23:
[  2.20000000e-03   0.00000000e+00   1.00000000e-04   0.00000000e+00
   0.00000000e+00   2.50000000e-01   5.83333333e-01   0.00000000e+00
   1.25000000e-01   2.50000000e-01   5.83333333e-01   0.00000000e+00
   8.75000000e-01   2.50000000e-01   5.83333333e-01   0.00000000e+00
   6.25000000e-01   2.50000000e-01   5.83333333e-01   6.94444444e-03
   6.25000000e-01   2.50000000e-01   6.66666667e-01   6.94444444e-03
   8.75000000e-01   3.33333333e-01   5.83333333e-01   6.94444444e-03
   6.25000000e-01   3.33333333e-01   5.83333333e-01   6.94444444e-03
   6.25000000e-01   2.50000000e-01   5.00000000e-01   1.38888889e-02
   6.25000000e-01   3.33333333e-01   6.66666667e-01   1.38888889e-02
   6.25000000e-01   3.33333333e-01   5.00000000e-01   2.77777778e-02
   8.75000000e-01   4.16666667e-01   5.83333333e-01]
Predicted output state:
[  2.70085130e-03   3.06134895e-09   9.99558615e-05   3.43314199e-09
   1.95096983e-09   3.22272062e-01   5.43229818e-01   2.56036659e-09
   8.63903999e-01   3.22272092e-01   5.43229818e-01   2.59628213e-19
   8.11044574e-01   2.86995292e-01   6.02761328e-01   4.30329225e-24
   1.71107545e-01   2.92216808e-01   5.81034064e-01   8.62681957e-24
   8.34834218e-01   3.04404944e-01   5.55319726e-01   1.33330317e-21
   6.47301972e-01   3.42912644e-01   5.59555471e-01   3.94403820e-20
   6.46389008e-01   2.89489090e-01   5.59342384e-01   2.68649328e-20
   6.37870371e-01   2.68182397e-01   4.69010234e-01   6.49727867e-23
   6.38485014e-01   3.59532386e-01   5.56074381e-01   1.34317756e-19
   6.37167811e-01   3.29807639e-01   5.09649515e-01   1.28408158e-19
   6.30470693e-01   3.02607805e-01   5.55558801e-01]
Squared sum of errors between actual and predicted output: 0.29624838003999066

Actual ouput state iteration 24:
[  2.20000000e-03   0.00000000e+00   1.00000000e-04   0.00000000e+00
   0.00000000e+00   2.50000000e-01   5.83333333e-01   0.00000000e+00
   8.75000000e-01   2.50000000e-01   5.83333333e-01   0.00000000e+00
   1.25000000e-01   2.50000000e-01   5.83333333e-01   0.00000000e+00
   6.25000000e-01   2.50000000e-01   5.83333333e-01   0.00000000e+00
   8.75000000e-01   2.50000000e-01   5.83333333e-01   6.94444444e-03
   6.25000000e-01   2.50000000e-01   6.66666667e-01   6.94444444e-03
   6.25000000e-01   3.33333333e-01   5.83333333e-01   6.94444444e-03
   8.75000000e-01   3.33333333e-01   5.83333333e-01   6.94444444e-03
   6.25000000e-01   2.50000000e-01   5.00000000e-01   1.38888889e-02
   6.25000000e-01   3.33333333e-01   6.66666667e-01   1.38888889e-02
   6.25000000e-01   3.33333333e-01   5.00000000e-01]
Predicted output state:
[  2.59528845e-03   1.13403900e-08   1.00006771e-04   1.41869698e-08
   8.94505003e-09   2.37074450e-01   6.49322808e-01   1.11022906e-08
   1.36024058e-01   2.37074390e-01   6.49322867e-01   1.31541304e-02
   6.42904520e-01   2.64537007e-01   6.25027299e-01   1.78041216e-02
   6.33627057e-01   2.67066866e-01   5.85566401e-01   2.07910463e-02
   6.41436934e-01   3.19657922e-01   6.02054536e-01   3.20111364e-02
   6.27867758e-01   3.38389695e-01   5.76054513e-01   3.58348973e-02
   6.29096210e-01   3.00330967e-01   5.78684390e-01   4.35243659e-02
   6.23816848e-01   3.44506651e-01   5.37292480e-01   4.56030518e-02
   6.24658406e-01   3.86227190e-01   5.42509615e-01   5.31435013e-02
   6.24579251e-01   2.92461634e-01   5.02956629e-01   6.05518706e-02
   6.24054849e-01   3.83622199e-01   5.37439883e-01]
Squared sum of errors between actual and predicted output: 0.240422540719528

Actual ouput state iteration 25:
[  2.30000000e-03   0.00000000e+00   1.00000000e-04   0.00000000e+00
   0.00000000e+00   2.50000000e-01   6.66666667e-01   0.00000000e+00
   1.25000000e-01   2.50000000e-01   6.66666667e-01   0.00000000e+00
   8.75000000e-01   2.50000000e-01   6.66666667e-01   0.00000000e+00
   6.25000000e-01   2.50000000e-01   6.66666667e-01   6.94444444e-03
   8.75000000e-01   2.50000000e-01   5.83333333e-01   6.94444444e-03
   6.25000000e-01   2.50000000e-01   5.83333333e-01   6.94444444e-03
   8.75000000e-01   2.50000000e-01   5.83333333e-01   6.94444444e-03
   6.25000000e-01   3.33333333e-01   6.66666667e-01   1.38888889e-02
   6.25000000e-01   3.33333333e-01   5.83333333e-01   2.77777778e-02
   6.25000000e-01   2.50000000e-01   5.00000000e-01   2.77777778e-02
   6.25000000e-01   4.16666667e-01   6.66666667e-01]
Predicted output state:
[  1.29909883e-03   6.29082031e-09   9.99437543e-05   6.66800659e-09
   4.47327375e-09   2.55596578e-01   6.04660451e-01   5.92003557e-09
   8.47890675e-01   2.55596608e-01   6.04660511e-01   7.95455890e-07
   2.62188345e-01   2.59310275e-01   6.28054917e-01   8.46430765e-08
   5.47832608e-01   2.81783909e-01   5.86531878e-01   1.35206875e-07
   6.97699726e-01   2.97424614e-01   5.76370358e-01   5.93049720e-07
   6.91743016e-01   3.34205478e-01   5.88869333e-01   1.25481279e-06
   7.35306084e-01   3.05936843e-01   6.16990626e-01   1.38234634e-06
   6.71412826e-01   3.66817981e-01   4.51381683e-01   3.76868741e-07
   6.63563907e-01   3.56625319e-01   5.24166584e-01   2.81909206e-06
   6.52579308e-01   3.04834366e-01   4.95184511e-01   3.01176215e-06
   6.55940473e-01   3.93931389e-01   6.10366881e-01]
Squared sum of errors between actual and predicted output: 0.21676012874913728

Actual ouput state iteration 26:
[  2.40000000e-03   0.00000000e+00   1.00000000e-04   0.00000000e+00
   0.00000000e+00   3.33333333e-01   6.66666667e-01   0.00000000e+00
   6.25000000e-01   3.33333333e-01   6.66666667e-01   0.00000000e+00
   1.25000000e-01   3.33333333e-01   6.66666667e-01   0.00000000e+00
   8.75000000e-01   3.33333333e-01   6.66666667e-01   6.94444444e-03
   6.25000000e-01   3.33333333e-01   5.83333333e-01   6.94444444e-03
   8.75000000e-01   2.50000000e-01   6.66666667e-01   6.94444444e-03
   6.25000000e-01   2.50000000e-01   6.66666667e-01   6.94444444e-03
   6.25000000e-01   4.16666667e-01   6.66666667e-01   1.38888889e-02
   8.75000000e-01   2.50000000e-01   5.83333333e-01   1.38888889e-02
   6.25000000e-01   2.50000000e-01   5.83333333e-01   1.38888889e-02
   6.25000000e-01   4.16666667e-01   5.83333333e-01]
Predicted output state:
[  2.57460983e-03   7.88469467e-09   9.99848344e-05   9.73304903e-09
   5.82808735e-09   2.53325343e-01   6.82066083e-01   7.89324073e-09
   1.33909181e-01   2.53325284e-01   6.82066083e-01   1.24828499e-02
   6.42948925e-01   2.66959131e-01   6.60019159e-01   1.59348547e-02
   6.32176816e-01   2.72160888e-01   6.25122011e-01   1.89856067e-02
   6.39276922e-01   3.11591446e-01   6.16219282e-01   2.88199857e-02
   6.29529893e-01   3.54417115e-01   5.96754313e-01   3.18040848e-02
   6.28152192e-01   3.03697586e-01   6.39587283e-01   4.03352939e-02
   6.24814034e-01   3.42752755e-01   5.14839292e-01   4.06159796e-02
   6.26215935e-01   3.57617617e-01   5.79033613e-01   4.72739525e-02
   6.25800490e-01   3.10458690e-01   4.69382882e-01   5.39042614e-02
   6.24358475e-01   4.20266896e-01   6.14308715e-01]
Squared sum of errors between actual and predicted output: 0.23119092389512072

Actual ouput state iteration 27:
[  2.40000000e-03   0.00000000e+00   1.00000000e-04   0.00000000e+00
   0.00000000e+00   3.33333333e-01   6.66666667e-01   0.00000000e+00
   1.25000000e-01   3.33333333e-01   6.66666667e-01   0.00000000e+00
   6.25000000e-01   3.33333333e-01   6.66666667e-01   0.00000000e+00
   8.75000000e-01   3.33333333e-01   6.66666667e-01   0.00000000e+00
   8.75000000e-01   3.33333333e-01   6.66666667e-01   6.94444444e-03
   6.25000000e-01   3.33333333e-01   5.83333333e-01   6.94444444e-03
   6.25000000e-01   2.50000000e-01   6.66666667e-01   6.94444444e-03
   8.75000000e-01   2.50000000e-01   6.66666667e-01   6.94444444e-03
   6.25000000e-01   4.16666667e-01   6.66666667e-01   1.38888889e-02
   6.25000000e-01   2.50000000e-01   5.83333333e-01   1.38888889e-02
   6.25000000e-01   4.16666667e-01   5.83333333e-01]
Predicted output state:
[  1.07303238e-03   8.49712478e-09   9.99393742e-05   9.00951669e-09
   6.14087536e-09   2.72421449e-01   6.88976645e-01   8.14418755e-09
   8.32238257e-01   2.72421390e-01   6.88976765e-01   3.21603171e-03
   1.55201942e-01   2.64037490e-01   6.91920578e-01   4.23994381e-03
   6.68629766e-01   2.84429640e-01   6.42050564e-01   6.23974809e-03
   6.49356723e-01   3.06468964e-01   6.33514345e-01   9.83135495e-03
   7.01940775e-01   3.51578563e-01   6.39847398e-01   9.72845312e-03
   7.55966902e-01   3.07048947e-01   6.73514664e-01   1.22893499e-02
   6.79556429e-01   3.99964303e-01   4.79637086e-01   1.30363461e-02
   6.69223547e-01   3.57905805e-01   5.48497021e-01   1.90606602e-02
   6.56029999e-01   3.10926259e-01   5.23418844e-01   2.10108496e-02
   6.61994636e-01   4.35257941e-01   6.48959935e-01]
Squared sum of errors between actual and predicted output: 0.2764513289575744

Actual ouput state iteration 28:
[  2.50000000e-03   0.00000000e+00   1.00000000e-04   0.00000000e+00
   0.00000000e+00   4.16666667e-01   6.66666667e-01   0.00000000e+00
   1.25000000e-01   4.16666667e-01   6.66666667e-01   0.00000000e+00
   8.75000000e-01   4.16666667e-01   6.66666667e-01   0.00000000e+00
   6.25000000e-01   4.16666667e-01   6.66666667e-01   6.94444444e-03
   6.25000000e-01   4.16666667e-01   5.83333333e-01   6.94444444e-03
   6.25000000e-01   5.00000000e-01   6.66666667e-01   6.94444444e-03
   6.25000000e-01   3.33333333e-01   6.66666667e-01   6.94444444e-03
   8.75000000e-01   3.33333333e-01   6.66666667e-01   6.94444444e-03
   8.75000000e-01   3.33333333e-01   6.66666667e-01   1.38888889e-02
   6.25000000e-01   5.00000000e-01   5.83333333e-01   1.38888889e-02
   6.25000000e-01   3.33333333e-01   5.83333333e-01]
Predicted output state:
[  2.60995142e-03   1.26357085e-08   1.00013829e-04   1.58025770e-08
   9.74964109e-09   3.24197948e-01   7.35932648e-01   1.19115864e-08
   1.34918019e-01   3.24197948e-01   7.35932648e-01   1.52610857e-02
   6.41940415e-01   3.13948303e-01   6.90714180e-01   2.04787496e-02
   6.33346438e-01   3.07119548e-01   6.48030877e-01   2.35483292e-02
   6.41950667e-01   3.62908214e-01   6.59598112e-01   3.59536260e-02
   6.26777172e-01   3.87570620e-01   6.24067843e-01   4.00042385e-02
   6.29158437e-01   3.26646864e-01   6.24701023e-01   4.82976027e-02
   6.23828530e-01   3.69649023e-01   5.80102086e-01   5.08263335e-02
   6.23999417e-01   4.08884406e-01   5.77309012e-01   5.86831905e-02
   6.24148369e-01   3.24292094e-01   5.45270324e-01   6.63736910e-02
   6.23840809e-01   4.20261681e-01   5.57398617e-01]
Squared sum of errors between actual and predicted output: 0.2501633964611681

Actual ouput state iteration 29:
[  2.60000000e-03   0.00000000e+00   1.00000000e-04   0.00000000e+00
   0.00000000e+00   5.00000000e-01   6.66666667e-01   0.00000000e+00
   1.25000000e-01   5.00000000e-01   6.66666667e-01   0.00000000e+00
   8.75000000e-01   5.00000000e-01   6.66666667e-01   0.00000000e+00
   6.25000000e-01   5.00000000e-01   6.66666667e-01   6.94444444e-03
   6.25000000e-01   5.00000000e-01   5.83333333e-01   6.94444444e-03
   8.75000000e-01   4.16666667e-01   6.66666667e-01   6.94444444e-03
   6.25000000e-01   4.16666667e-01   6.66666667e-01   6.94444444e-03
   6.25000000e-01   5.83333333e-01   6.66666667e-01   1.38888889e-02
   6.25000000e-01   4.16666667e-01   5.83333333e-01   1.38888889e-02
   6.25000000e-01   5.83333333e-01   5.83333333e-01   2.77777778e-02
   6.25000000e-01   6.66666667e-01   6.66666667e-01]
Predicted output state:
[  2.59230938e-03   1.66321517e-08   9.99840777e-05   2.05140047e-08
   1.36991485e-08   4.09234911e-01   6.98624313e-01   1.50110573e-08
   1.37266710e-01   4.09234971e-01   6.98624432e-01   1.39835784e-02
   6.44344509e-01   3.50907922e-01   6.69511080e-01   1.92491431e-02
   6.35140479e-01   3.47008914e-01   6.19274855e-01   2.19840128e-02
   6.43754303e-01   4.04523402e-01   6.42565966e-01   3.41035351e-02
   6.26682818e-01   3.90031695e-01   6.09495580e-01   3.87677252e-02
   6.30635083e-01   3.34490180e-01   5.93435407e-01   4.50638831e-02
   6.23506725e-01   4.23490196e-01   5.80695510e-01   4.86241765e-02
   6.23270512e-01   4.67257589e-01   5.51020384e-01   5.68679385e-02
   6.24084592e-01   3.22090387e-01   5.59095144e-01   6.50916025e-02
   6.24026597e-01   3.38704556e-01   5.36152244e-01]
Squared sum of errors between actual and predicted output: 0.30995028336412417

Actual ouput state iteration 30:
[  2.70000000e-03   0.00000000e+00   1.00000000e-04   0.00000000e+00
   0.00000000e+00   5.83333333e-01   6.66666667e-01   0.00000000e+00
   6.25000000e-01   5.83333333e-01   6.66666667e-01   0.00000000e+00
   8.75000000e-01   5.83333333e-01   6.66666667e-01   0.00000000e+00
   1.25000000e-01   5.83333333e-01   6.66666667e-01   6.94444444e-03
   6.25000000e-01   5.83333333e-01   5.83333333e-01   6.94444444e-03
   6.25000000e-01   6.66666667e-01   6.66666667e-01   6.94444444e-03
   6.25000000e-01   5.00000000e-01   6.66666667e-01   6.94444444e-03
   8.75000000e-01   5.00000000e-01   6.66666667e-01   1.38888889e-02
   6.25000000e-01   6.66666667e-01   5.83333333e-01   1.38888889e-02
   6.25000000e-01   5.00000000e-01   5.83333333e-01   2.77777778e-02
   6.25000000e-01   5.83333333e-01   5.00000000e-01]
Predicted output state:
[  2.62401532e-03   5.62885694e-09   1.00013065e-04   6.79210643e-09
   4.05170830e-09   5.99109113e-01   7.36969411e-01   5.48984058e-09
   1.27735719e-01   5.99109113e-01   7.36969471e-01   1.73369534e-02
   6.40909374e-01   5.00117004e-01   6.93367004e-01   2.23659370e-02
   6.28791451e-01   4.67075676e-01   6.62478626e-01   2.52292659e-02
   6.37415946e-01   5.11289775e-01   6.55049801e-01   3.82731333e-02
   6.27641201e-01   5.38042307e-01   6.10938728e-01   4.24476378e-02
   6.27478004e-01   4.45331603e-01   6.34675980e-01   5.10302261e-02
   6.26034975e-01   4.67389166e-01   5.88625193e-01   5.33123575e-02
   6.25353515e-01   4.77063388e-01   5.90091050e-01   6.07058555e-02
   6.25221193e-01   4.52364713e-01   5.17595589e-01   6.87528402e-02
   6.25401258e-01   5.41849315e-01   5.63051462e-01]
Squared sum of errors between actual and predicted output: 0.2542287847629629

Actual ouput state iteration 31:
[  2.80000000e-03   0.00000000e+00   1.00000000e-04   0.00000000e+00
   0.00000000e+00   6.66666667e-01   6.66666667e-01   0.00000000e+00
   1.25000000e-01   6.66666667e-01   6.66666667e-01   0.00000000e+00
   8.75000000e-01   6.66666667e-01   6.66666667e-01   0.00000000e+00
   6.25000000e-01   6.66666667e-01   6.66666667e-01   6.94444444e-03
   8.75000000e-01   5.83333333e-01   6.66666667e-01   6.94444444e-03
   6.25000000e-01   5.83333333e-01   6.66666667e-01   6.94444444e-03
   6.25000000e-01   6.66666667e-01   5.83333333e-01   1.38888889e-02
   6.25000000e-01   5.83333333e-01   5.83333333e-01   2.77777778e-02
   6.25000000e-01   6.66666667e-01   5.00000000e-01   2.77777778e-02
   6.25000000e-01   5.00000000e-01   6.66666667e-01   2.77777778e-02
   8.75000000e-01   5.00000000e-01   6.66666667e-01]
Predicted output state:
[  2.68744235e-03   1.38802247e-09   9.99985714e-05   1.46464652e-09
   7.92154620e-10   7.02736735e-01   6.15887463e-01   1.17020627e-09
   8.45868289e-01   7.02736914e-01   6.15887463e-01   4.31464687e-18
   7.77786613e-01   6.22014105e-01   5.83805859e-01   1.27371261e-22
   1.80829152e-01   5.76087892e-01   5.86638451e-01   2.33901045e-22
   8.20872068e-01   5.88010848e-01   5.52636027e-01   2.72427508e-20
   6.48227811e-01   6.21968567e-01   5.15905440e-01   6.65520311e-19
   6.48277938e-01   5.07309735e-01   5.05528629e-01   4.39773003e-19
   6.42678261e-01   4.41971630e-01   5.42555690e-01   1.53123087e-21
   6.40502274e-01   4.87098277e-01   5.59275389e-01   2.05815068e-18
   6.38157547e-01   5.90166986e-01   4.93542820e-01   1.93122002e-18
   6.34639144e-01   5.23819447e-01   4.59639966e-01]
Squared sum of errors between actual and predicted output: 0.32978566802364456

Actual ouput state iteration 32:
[  2.80000000e-03   0.00000000e+00   1.00000000e-04   0.00000000e+00
   0.00000000e+00   7.50000000e-01   6.66666667e-01   0.00000000e+00
   1.25000000e-01   7.50000000e-01   6.66666667e-01   6.94444444e-03
   8.75000000e-01   6.66666667e-01   6.66666667e-01   6.94444444e-03
   6.25000000e-01   6.66666667e-01   6.66666667e-01   1.38888889e-02
   6.25000000e-01   6.66666667e-01   5.83333333e-01   2.77777778e-02
   6.25000000e-01   5.83333333e-01   6.66666667e-01   2.77777778e-02
   8.75000000e-01   5.83333333e-01   6.66666667e-01   3.47222222e-02
   6.25000000e-01   5.83333333e-01   5.83333333e-01   3.47222222e-02
   6.25000000e-01   6.66666667e-01   5.00000000e-01   5.55555556e-02
   6.25000000e-01   5.83333333e-01   5.00000000e-01   6.25000000e-02
   6.25000000e-01   5.00000000e-01   6.66666667e-01]
Predicted output state:
[  2.65464350e-03   7.57944107e-09   1.00018697e-04   8.95122820e-09
   5.78177284e-09   7.27514327e-01   7.23868489e-01   6.96119251e-09
   1.27009302e-01   7.27514446e-01   7.23868489e-01   2.24098135e-02
   6.39125586e-01   6.03704989e-01   6.63575768e-01   3.04116979e-02
   6.28286183e-01   5.63795686e-01   6.28969073e-01   3.33075039e-02
   6.37220979e-01   6.09129846e-01   6.40663803e-01   5.01159839e-02
   6.25801623e-01   5.90515733e-01   5.85550308e-01   5.63320480e-02
   6.27804041e-01   5.06318927e-01   5.74121594e-01   6.36644512e-02
   6.25553310e-01   5.48452199e-01   6.18096769e-01   6.99201301e-02
   6.23885453e-01   5.64915657e-01   5.55265188e-01   7.88158998e-02
   6.24331594e-01   4.91461396e-01   5.48774183e-01   8.88266787e-02
   6.25714898e-01   5.12547314e-01   4.86448616e-01]
Squared sum of errors between actual and predicted output: 0.31749026353876203

Actual ouput state iteration 33:
[  2.80000000e-03   0.00000000e+00   1.00000000e-04   0.00000000e+00
   0.00000000e+00   7.50000000e-01   5.83333333e-01   0.00000000e+00
   1.25000000e-01   7.50000000e-01   5.83333333e-01   6.94444444e-03
   6.25000000e-01   6.66666667e-01   5.83333333e-01   1.38888889e-02
   8.75000000e-01   6.66666667e-01   6.66666667e-01   1.38888889e-02
   6.25000000e-01   6.66666667e-01   6.66666667e-01   1.38888889e-02
   6.25000000e-01   6.66666667e-01   5.00000000e-01   2.77777778e-02
   6.25000000e-01   5.83333333e-01   5.83333333e-01   3.47222222e-02
   6.25000000e-01   5.83333333e-01   6.66666667e-01   3.47222222e-02
   6.25000000e-01   5.83333333e-01   5.00000000e-01   3.47222222e-02
   6.25000000e-01   6.66666667e-01   4.16666667e-01   5.55555556e-02
   6.25000000e-01   5.83333333e-01   4.16666667e-01]
Predicted output state:
[  2.63573718e-03   2.75169154e-09   1.00002959e-04   3.17282467e-09
   1.93879490e-09   7.55173266e-01   6.46719694e-01   2.79804335e-09
   1.22038685e-01   7.55173326e-01   6.46719694e-01   1.92824975e-02
   6.39453292e-01   6.41455412e-01   6.13142908e-01   2.46292911e-02
   6.24334455e-01   5.98162830e-01   5.96289337e-01   2.75518876e-02
   6.31984174e-01   6.27812564e-01   5.81957340e-01   4.14043218e-02
   6.28864288e-01   6.33796573e-01   5.34477055e-01   4.61425781e-02
   6.25713706e-01   5.45259118e-01   5.73187351e-01   5.45404442e-02
   6.27780914e-01   5.59189379e-01   5.59796035e-01   5.73236383e-02
   6.26812220e-01   5.39425552e-01   5.53158879e-01   6.46575019e-02
   6.26345456e-01   5.52153409e-01   4.53355968e-01   7.35160708e-02
   6.27137363e-01   6.00183725e-01   5.17343462e-01]
Squared sum of errors between actual and predicted output: 0.22134943079390446

Actual ouput state iteration 34:
[  2.80000000e-03   0.00000000e+00   1.00000000e-04   0.00000000e+00
   0.00000000e+00   7.50000000e-01   5.00000000e-01   0.00000000e+00
   1.25000000e-01   7.50000000e-01   5.00000000e-01   6.94444444e-03
   6.25000000e-01   6.66666667e-01   5.00000000e-01   1.38888889e-02
   6.25000000e-01   6.66666667e-01   4.16666667e-01   1.38888889e-02
   6.25000000e-01   6.66666667e-01   5.83333333e-01   2.77777778e-02
   6.25000000e-01   5.83333333e-01   5.00000000e-01   3.47222222e-02
   6.25000000e-01   5.83333333e-01   4.16666667e-01   3.47222222e-02
   6.25000000e-01   5.83333333e-01   5.83333333e-01   3.47222222e-02
   6.25000000e-01   6.66666667e-01   6.66666667e-01   3.47222222e-02
   6.25000000e-01   6.66666667e-01   3.33333333e-01   5.55555556e-02
   6.25000000e-01   5.83333333e-01   6.66666667e-01]
Predicted output state:
[  2.62042880e-03   2.04625294e-09   9.99782569e-05   2.31362351e-09
   1.42186585e-09   7.59978056e-01   5.93251467e-01   2.13287787e-09
   1.20660730e-01   7.59978116e-01   5.93251467e-01   1.82405841e-02
   6.39707625e-01   6.50177598e-01   5.74408948e-01   2.28351131e-02
   6.22935832e-01   6.11145735e-01   5.64099789e-01   2.58889291e-02
   6.29595935e-01   6.34172082e-01   5.40997684e-01   3.86988223e-02
   6.30327106e-01   6.38605714e-01   5.00064254e-01   4.31210361e-02
   6.25050902e-01   5.51539779e-01   5.59576213e-01   5.15425093e-02
   6.28525019e-01   5.77074587e-01   5.24527729e-01   5.34757040e-02
   6.28007829e-01   5.35232484e-01   5.42101502e-01   6.04642667e-02
   6.27333879e-01   5.69347918e-01   4.05836076e-01   6.91368133e-02
   6.27793849e-01   5.93951702e-01   5.27683556e-01]
Squared sum of errors between actual and predicted output: 0.14645585164045208

Actual ouput state iteration 35:
[  2.80000000e-03   0.00000000e+00   1.00000000e-04   0.00000000e+00
   0.00000000e+00   7.50000000e-01   4.16666667e-01   0.00000000e+00
   1.25000000e-01   7.50000000e-01   4.16666667e-01   6.94444444e-03
   6.25000000e-01   6.66666667e-01   4.16666667e-01   1.38888889e-02
   6.25000000e-01   6.66666667e-01   5.00000000e-01   1.38888889e-02
   6.25000000e-01   6.66666667e-01   3.33333333e-01   2.77777778e-02
   6.25000000e-01   5.83333333e-01   4.16666667e-01   3.47222222e-02
   6.25000000e-01   5.83333333e-01   5.00000000e-01   3.47222222e-02
   6.25000000e-01   5.83333333e-01   3.33333333e-01   3.47222222e-02
   6.25000000e-01   6.66666667e-01   5.83333333e-01   3.47222222e-02
   6.25000000e-01   6.66666667e-01   2.50000000e-01   5.55555556e-02
   6.25000000e-01   5.83333333e-01   2.50000000e-01]
Predicted output state:
[  2.60736095e-03   1.45266110e-09   9.99480471e-05   1.59974167e-09
   9.89658022e-10   7.67407179e-01   5.30439138e-01   1.55297342e-09
   1.18553385e-01   7.67407298e-01   5.30439198e-01   1.80615317e-02
   6.39408290e-01   6.66618347e-01   5.23987234e-01   2.21019760e-02
   6.20762229e-01   6.32124305e-01   5.22943437e-01   2.54098605e-02
   6.26176119e-01   6.48124099e-01   4.89680678e-01   3.75385061e-02
   6.31945312e-01   6.49843454e-01   4.55601811e-01   4.17506397e-02
   6.24047995e-01   5.62739968e-01   5.38894057e-01   5.04056141e-02
   6.29429102e-01   6.04111075e-01   4.84102517e-01   5.16600534e-02
   6.29416227e-01   5.32521665e-01   5.28514087e-01   5.83864860e-02
   6.28500342e-01   5.97155452e-01   3.49439830e-01   6.70684129e-02
   6.28644764e-01   5.87386072e-01   5.35512924e-01]
Squared sum of errors between actual and predicted output: 0.11814012014428728

Actual ouput state iteration 36:
[  2.80000000e-03   0.00000000e+00   1.00000000e-04   0.00000000e+00
   0.00000000e+00   7.50000000e-01   3.33333333e-01   0.00000000e+00
   1.25000000e-01   7.50000000e-01   3.33333333e-01   6.94444444e-03
   6.25000000e-01   6.66666667e-01   3.33333333e-01   1.38888889e-02
   6.25000000e-01   6.66666667e-01   2.50000000e-01   1.38888889e-02
   6.25000000e-01   6.66666667e-01   4.16666667e-01   2.77777778e-02
   6.25000000e-01   5.83333333e-01   3.33333333e-01   3.47222222e-02
   6.25000000e-01   5.83333333e-01   2.50000000e-01   3.47222222e-02
   6.25000000e-01   5.83333333e-01   4.16666667e-01   3.47222222e-02
   6.25000000e-01   6.66666667e-01   5.00000000e-01   5.55555556e-02
   6.25000000e-01   5.83333333e-01   5.00000000e-01   6.25000000e-02
   6.25000000e-01   5.00000000e-01   3.33333333e-01]
Predicted output state:
[  2.62077549e-03   1.37340928e-09   9.99655749e-05   1.49578627e-09
   1.00779618e-09   7.75290847e-01   3.96258324e-01   1.49885915e-09
   1.19384333e-01   7.75291026e-01   3.96258384e-01   1.79214478e-02
   6.38808668e-01   6.77748442e-01   4.22206789e-01   2.29478721e-02
   6.21114910e-01   6.46044314e-01   4.26990688e-01   2.63219010e-02
   6.26190841e-01   6.62839532e-01   4.16169375e-01   3.91361341e-02
   6.31443202e-01   6.36628091e-01   3.85611773e-01   4.41121273e-02
   6.24059916e-01   5.86953402e-01   4.47389275e-01   5.19591607e-02
   6.28979683e-01   6.14636183e-01   4.57622468e-01   5.44922091e-02
   6.28971875e-01   5.65153539e-01   4.64640796e-01   6.17777929e-02
   6.28061712e-01   5.80664992e-01   3.32941353e-01   7.10029155e-02
   6.28763139e-01   5.73055267e-01   4.48321402e-01]
Squared sum of errors between actual and predicted output: 0.11858587121531783

Actual ouput state iteration 37:
[  2.80000000e-03   0.00000000e+00   1.00000000e-04   0.00000000e+00
   0.00000000e+00   7.50000000e-01   2.50000000e-01   0.00000000e+00
   1.25000000e-01   7.50000000e-01   2.50000000e-01   6.94444444e-03
   6.25000000e-01   6.66666667e-01   2.50000000e-01   1.38888889e-02
   6.25000000e-01   6.66666667e-01   3.33333333e-01   2.77777778e-02
   6.25000000e-01   5.83333333e-01   2.50000000e-01   3.47222222e-02
   6.25000000e-01   5.83333333e-01   3.33333333e-01   3.47222222e-02
   6.25000000e-01   6.66666667e-01   4.16666667e-01   5.55555556e-02
   6.25000000e-01   5.83333333e-01   4.16666667e-01   6.25000000e-02
   6.25000000e-01   5.00000000e-01   2.50000000e-01   6.94444444e-02
   6.25000000e-01   6.66666667e-01   5.00000000e-01   6.94444444e-02
   6.25000000e-01   5.00000000e-01   3.33333333e-01]
Predicted output state:
[  2.67386297e-03   2.93592284e-09   1.00003905e-04   3.23875571e-09
   2.50581156e-09   7.59624958e-01   3.13977778e-01   3.08168357e-09
   1.22762673e-01   7.59625077e-01   3.13977778e-01   2.31747329e-02
   6.36457503e-01   6.75731838e-01   3.45938236e-01   3.30841839e-02
   6.23356402e-01   6.38907909e-01   3.42357516e-01   3.66706364e-02
   6.29424691e-01   6.83005154e-01   3.83378565e-01   5.46295866e-02
   6.27723038e-01   6.09930634e-01   3.40037823e-01   6.26241341e-02
   6.25376403e-01   5.84012210e-01   3.29203397e-01   6.83590770e-02
   6.26730442e-01   6.26106858e-01   4.91177142e-01   7.71352127e-02
   6.25804901e-01   6.17631853e-01   3.92568648e-01   8.68243501e-02
   6.25601590e-01   5.47713161e-01   3.86251062e-01   9.85173732e-02
   6.27878428e-01   5.08052647e-01   2.98299134e-01]
Squared sum of errors between actual and predicted output: 0.06373841409102037

Actual ouput state iteration 38:
[  2.80000000e-03   0.00000000e+00   1.00000000e-04   0.00000000e+00
   0.00000000e+00   7.50000000e-01   1.66666667e-01   0.00000000e+00
   1.25000000e-01   7.50000000e-01   1.66666667e-01   1.38888889e-02
   6.25000000e-01   6.66666667e-01   2.50000000e-01   3.47222222e-02
   6.25000000e-01   5.83333333e-01   2.50000000e-01   3.47222222e-02
   6.25000000e-01   6.66666667e-01   3.33333333e-01   5.55555556e-02
   6.25000000e-01   5.83333333e-01   3.33333333e-01   6.94444444e-02
   6.25000000e-01   5.00000000e-01   2.50000000e-01   6.94444444e-02
   6.25000000e-01   6.66666667e-01   4.16666667e-01   9.02777778e-02
   6.25000000e-01   5.83333333e-01   4.16666667e-01   9.02777778e-02
   6.25000000e-01   5.00000000e-01   3.33333333e-01   1.18055556e-01
   6.25000000e-01   4.16666667e-01   2.50000000e-01]
Predicted output state:
[  2.65399064e-03   1.92281213e-09   9.99901749e-05   2.10316164e-09
   1.61803404e-09   7.35812902e-01   2.64895707e-01   2.13162132e-09
   1.22571714e-01   7.35813200e-01   2.64895707e-01   1.99021474e-02
   6.36925995e-01   6.43482506e-01   3.22658807e-01   2.74889376e-02
   6.22933745e-01   6.10214233e-01   3.24869007e-01   3.12942564e-02
   6.28155529e-01   6.50095224e-01   3.55199963e-01   4.65028733e-02
   6.29273951e-01   5.91854990e-01   3.19391370e-01   5.29114418e-02
   6.24659240e-01   5.71204603e-01   3.40912700e-01   6.01965524e-02
   6.27290785e-01   6.01412416e-01   4.44677651e-01   6.56737536e-02
   6.27177477e-01   5.79111576e-01   3.94344747e-01   7.44119287e-02
   6.26558125e-01   5.39480329e-01   3.38385016e-01   8.46704692e-02
   6.27934396e-01   5.35522103e-01   3.21438581e-01]
Squared sum of errors between actual and predicted output: 0.11379383393489682

Actual ouput state iteration 39:
[  2.80000000e-03   0.00000000e+00   1.00000000e-04   0.00000000e+00
   0.00000000e+00   7.50000000e-01   2.50000000e-01   0.00000000e+00
   1.25000000e-01   7.50000000e-01   2.50000000e-01   6.94444444e-03
   6.25000000e-01   6.66666667e-01   2.50000000e-01   1.38888889e-02
   6.25000000e-01   6.66666667e-01   3.33333333e-01   2.77777778e-02
   6.25000000e-01   5.83333333e-01   2.50000000e-01   3.47222222e-02
   6.25000000e-01   5.83333333e-01   3.33333333e-01   3.47222222e-02
   6.25000000e-01   6.66666667e-01   4.16666667e-01   5.55555556e-02
   6.25000000e-01   5.83333333e-01   4.16666667e-01   6.25000000e-02
   6.25000000e-01   5.00000000e-01   2.50000000e-01   6.94444444e-02
   6.25000000e-01   6.66666667e-01   5.00000000e-01   6.94444444e-02
   6.25000000e-01   5.00000000e-01   3.33333333e-01]
Predicted output state:
[  2.66831950e-03   5.38294875e-09   9.99097392e-05   5.81753579e-09
   5.50060442e-09   7.64403999e-01   1.64618775e-01   5.88897509e-09
   1.25962362e-01   7.64404178e-01   1.64618820e-01   2.81091053e-02
   6.35429621e-01   6.37224674e-01   2.78122008e-01   4.03512381e-02
   6.24312520e-01   5.91727734e-01   2.63924479e-01   4.52799164e-02
   6.29215121e-01   6.79069757e-01   3.32034618e-01   6.51390776e-02
   6.26987755e-01   5.87831199e-01   2.86398113e-01   7.38620833e-02
   6.26634061e-01   4.97119844e-01   2.78681844e-01   7.99369887e-02
   6.25814676e-01   6.63251162e-01   4.39053535e-01   9.13334563e-02
   6.24794483e-01   5.92300057e-01   3.60390007e-01   1.02610514e-01
   6.25669956e-01   5.79594076e-01   3.47275168e-01   1.15344644e-01
   6.26962721e-01   3.96837354e-01   2.51712233e-01]
Squared sum of errors between actual and predicted output: 0.017107984821113698

Actual ouput state iteration 40:
[  2.90000000e-03   0.00000000e+00   1.00000000e-04   0.00000000e+00
   0.00000000e+00   6.66666667e-01   2.50000000e-01   0.00000000e+00
   8.75000000e-01   6.66666667e-01   2.50000000e-01   0.00000000e+00
   1.25000000e-01   6.66666667e-01   2.50000000e-01   0.00000000e+00
   6.25000000e-01   6.66666667e-01   2.50000000e-01   6.94444444e-03
   6.25000000e-01   5.83333333e-01   2.50000000e-01   6.94444444e-03
   6.25000000e-01   6.66666667e-01   3.33333333e-01   1.38888889e-02
   6.25000000e-01   5.83333333e-01   3.33333333e-01   2.77777778e-02
   6.25000000e-01   5.00000000e-01   2.50000000e-01   2.77777778e-02
   6.25000000e-01   6.66666667e-01   4.16666667e-01   3.47222222e-02
   6.25000000e-01   5.00000000e-01   3.33333333e-01   3.47222222e-02
   6.25000000e-01   5.83333333e-01   4.16666667e-01]
Predicted output state:
[  2.65452848e-03   1.92332927e-09   9.99904732e-05   2.10357487e-09
   1.61907754e-09   7.37077236e-01   2.65016645e-01   2.13171480e-09
   1.22570537e-01   7.37077355e-01   2.65016675e-01   1.99990682e-02
   6.36875629e-01   6.44174337e-01   3.22567225e-01   2.76332255e-02
   6.22930825e-01   6.10855699e-01   3.24892849e-01   3.14514749e-02
   6.28156304e-01   6.50658846e-01   3.55328947e-01   4.67185676e-02
   6.29243612e-01   5.92358828e-01   3.19253176e-01   5.31438924e-02
   6.24651253e-01   5.71805537e-01   3.40826243e-01   6.04507178e-02
   6.27282143e-01   6.01686299e-01   4.44938630e-01   6.59716353e-02
   6.27161562e-01   5.79612494e-01   3.94502640e-01   7.47261196e-02
   6.26548529e-01   5.39747059e-01   3.38504583e-01   8.50023478e-02
   6.27923369e-01   5.36028922e-01   3.21149588e-01]
Squared sum of errors between actual and predicted output: 0.11375342003338254

Actual ouput state iteration 41:
[  2.90000000e-03   0.00000000e+00   1.00000000e-04   0.00000000e+00
   0.00000000e+00   6.66666667e-01   1.66666667e-01   0.00000000e+00
   1.25000000e-01   6.66666667e-01   1.66666667e-01   6.94444444e-03
   8.75000000e-01   6.66666667e-01   2.50000000e-01   6.94444444e-03
   6.25000000e-01   6.66666667e-01   2.50000000e-01   1.38888889e-02
   6.25000000e-01   5.83333333e-01   2.50000000e-01   2.77777778e-02
   6.25000000e-01   6.66666667e-01   3.33333333e-01   3.47222222e-02
   6.25000000e-01   5.00000000e-01   2.50000000e-01   3.47222222e-02
   6.25000000e-01   5.83333333e-01   3.33333333e-01   5.55555556e-02
   6.25000000e-01   5.00000000e-01   3.33333333e-01   6.25000000e-02
   6.25000000e-01   6.66666667e-01   4.16666667e-01   6.94444444e-02
   6.25000000e-01   4.16666667e-01   2.50000000e-01]
Predicted output state:
[  1.16938667e-03   1.29796129e-09   9.99599579e-05   1.18250398e-09
   9.67745439e-10   6.89178407e-01   2.44339958e-01   1.37125777e-09
   8.23752224e-01   6.89178646e-01   2.44340152e-01   5.16510743e-04
   1.72032222e-01   6.55887961e-01   2.71886319e-01   3.35132150e-04
   6.18298054e-01   6.52370393e-01   2.84271628e-01   4.88279329e-04
   6.47526264e-01   6.49492145e-01   2.95767963e-01   1.00826623e-03
   7.00506926e-01   5.96369624e-01   2.92749465e-01   1.28815905e-03
   7.46254206e-01   6.17941260e-01   3.15272689e-01   1.40260521e-03
   6.81094110e-01   6.56932592e-01   3.71861666e-01   1.06525188e-03
   6.70568407e-01   5.75478971e-01   3.41598302e-01   2.49044527e-03
   6.57062113e-01   5.62468708e-01   3.15969974e-01   2.70005642e-03
   6.65289640e-01   5.67392588e-01   3.44654232e-01]
Squared sum of errors between actual and predicted output: 0.11808979753172681

Actual ouput state iteration 42:
[  2.90000000e-03   0.00000000e+00   1.00000000e-04   0.00000000e+00
   0.00000000e+00   5.83333333e-01   1.66666667e-01   0.00000000e+00
   1.25000000e-01   5.83333333e-01   1.66666667e-01   6.94444444e-03
   6.25000000e-01   5.83333333e-01   2.50000000e-01   1.38888889e-02
   6.25000000e-01   6.66666667e-01   2.50000000e-01   1.38888889e-02
   8.75000000e-01   6.66666667e-01   2.50000000e-01   1.38888889e-02
   6.25000000e-01   5.00000000e-01   2.50000000e-01   2.77777778e-02
   6.25000000e-01   5.83333333e-01   3.33333333e-01   3.47222222e-02
   6.25000000e-01   6.66666667e-01   3.33333333e-01   3.47222222e-02
   6.25000000e-01   5.00000000e-01   3.33333333e-01   3.47222222e-02
   6.25000000e-01   4.16666667e-01   2.50000000e-01   5.55555556e-02
   6.25000000e-01   4.16666667e-01   3.33333333e-01]
Predicted output state:
[  2.67161313e-03   5.14695842e-09   9.99171680e-05   5.57481439e-09
   5.25262944e-09   7.64047921e-01   1.64310753e-01   5.67068970e-09
   1.25879213e-01   7.64048100e-01   1.64310738e-01   2.84129418e-02
   6.35184765e-01   6.37067974e-01   2.77321666e-01   4.08748016e-02
   6.24297380e-01   5.92218935e-01   2.64101982e-01   4.58089449e-02
   6.29262090e-01   6.77566707e-01   3.31934899e-01   6.58913553e-02
   6.26887023e-01   5.87608218e-01   2.85834432e-01   7.46426806e-02
   6.26502335e-01   5.01620054e-01   2.78468698e-01   8.08437020e-02
   6.25752509e-01   6.59399152e-01   4.39570189e-01   9.23930630e-02
   6.24776065e-01   5.92342854e-01   3.60670477e-01   1.03637874e-01
   6.25608683e-01   5.75920284e-01   3.47732544e-01   1.16350144e-01
   6.26909673e-01   4.04800415e-01   2.50198543e-01]
Squared sum of errors between actual and predicted output: 0.16132372638274567

Actual ouput state iteration 43:
[  3.00000000e-03   0.00000000e+00   1.00000000e-04   0.00000000e+00
   0.00000000e+00   5.83333333e-01   2.50000000e-01   0.00000000e+00
   8.75000000e-01   5.83333333e-01   2.50000000e-01   0.00000000e+00
   1.25000000e-01   5.83333333e-01   2.50000000e-01   0.00000000e+00
   6.25000000e-01   5.83333333e-01   2.50000000e-01   6.94444444e-03
   6.25000000e-01   6.66666667e-01   2.50000000e-01   6.94444444e-03
   6.25000000e-01   5.83333333e-01   3.33333333e-01   6.94444444e-03
   6.25000000e-01   5.00000000e-01   2.50000000e-01   1.38888889e-02
   6.25000000e-01   6.66666667e-01   3.33333333e-01   1.38888889e-02
   6.25000000e-01   5.00000000e-01   3.33333333e-01   2.77777778e-02
   6.25000000e-01   5.83333333e-01   4.16666667e-01   2.77777778e-02
   6.25000000e-01   4.16666667e-01   2.50000000e-01]
Predicted output state:
[  2.63452670e-03   1.11472465e-09   1.00046069e-04   1.18918086e-09
   9.03906616e-10   6.11523747e-01   1.84578180e-01   1.34069134e-09
   1.21293806e-01   6.11523867e-01   1.84578195e-01   1.67863071e-02
   6.34781182e-01   5.62501788e-01   2.58629203e-01   2.22412106e-02
   6.21502101e-01   5.73321283e-01   2.74338692e-01   2.66810786e-02
   6.24628484e-01   5.43439865e-01   2.74634928e-01   3.87838781e-02
   6.31867588e-01   5.06162524e-01   2.84384340e-01   4.37875390e-02
   6.22177124e-01   6.08589411e-01   3.39659154e-01   5.34393638e-02
   6.27567470e-01   5.12928605e-01   3.38818252e-01   5.49764931e-02
   6.29651904e-01   5.30689180e-01   3.54072064e-01   6.24587424e-02
   6.27806902e-01   4.26451325e-01   2.76736647e-01   7.09075928e-02
   6.28101408e-01   5.87161362e-01   3.87171298e-01]
Squared sum of errors between actual and predicted output: 0.15343039532288194

Actual ouput state iteration 44:
[  3.10000000e-03   0.00000000e+00   1.00000000e-04   0.00000000e+00
   0.00000000e+00   5.00000000e-01   2.50000000e-01   0.00000000e+00
   1.25000000e-01   5.00000000e-01   2.50000000e-01   0.00000000e+00
   8.75000000e-01   5.00000000e-01   2.50000000e-01   0.00000000e+00
   6.25000000e-01   5.00000000e-01   2.50000000e-01   6.94444444e-03
   6.25000000e-01   4.16666667e-01   2.50000000e-01   6.94444444e-03
   6.25000000e-01   5.00000000e-01   3.33333333e-01   6.94444444e-03
   6.25000000e-01   5.83333333e-01   2.50000000e-01   6.94444444e-03
   8.75000000e-01   5.83333333e-01   2.50000000e-01   1.38888889e-02
   6.25000000e-01   4.16666667e-01   3.33333333e-01   1.38888889e-02
   6.25000000e-01   5.83333333e-01   3.33333333e-01   2.77777778e-02
   6.25000000e-01   6.66666667e-01   2.50000000e-01]
Predicted output state:
[  1.17928302e-03   1.52851487e-09   9.99571930e-05   1.40800760e-09
   1.14088550e-09   5.91638446e-01   2.42083848e-01   1.61112035e-09
   8.25695574e-01   5.91638684e-01   2.42084011e-01   2.58823420e-04
   1.79696679e-01   6.00990236e-01   2.74351120e-01   1.41912096e-04
   6.11210883e-01   6.03134334e-01   2.81312406e-01   2.09323902e-04
   6.51675880e-01   6.05723441e-01   2.94091165e-01   4.66904807e-04
   7.00213969e-01   5.53864121e-01   2.99643517e-01   6.31606614e-04
   7.45163441e-01   5.78404486e-01   3.12904686e-01   6.83663297e-04
   6.80268109e-01   6.28072023e-01   3.66235942e-01   4.71408421e-04
   6.70213282e-01   5.47180474e-01   3.34004998e-01   1.23884098e-03
   6.56728745e-01   5.29619277e-01   3.21174681e-01   1.34936487e-03
   6.64837897e-01   5.31430542e-01   3.46701682e-01]
Squared sum of errors between actual and predicted output: 0.0956319608613304

Actual ouput state iteration 45:
[  3.20000000e-03   0.00000000e+00   1.00000000e-04   0.00000000e+00
   0.00000000e+00   4.16666667e-01   2.50000000e-01   0.00000000e+00
   6.25000000e-01   4.16666667e-01   2.50000000e-01   0.00000000e+00
   8.75000000e-01   4.16666667e-01   2.50000000e-01   0.00000000e+00
   1.25000000e-01   4.16666667e-01   2.50000000e-01   6.94444444e-03
   6.25000000e-01   4.16666667e-01   3.33333333e-01   6.94444444e-03
   8.75000000e-01   5.00000000e-01   2.50000000e-01   6.94444444e-03
   6.25000000e-01   5.00000000e-01   2.50000000e-01   6.94444444e-03
   6.25000000e-01   3.33333333e-01   2.50000000e-01   1.38888889e-02
   6.25000000e-01   5.00000000e-01   3.33333333e-01   1.38888889e-02
   6.25000000e-01   3.33333333e-01   3.33333333e-01   2.77777778e-02
   6.25000000e-01   5.83333333e-01   2.50000000e-01]
Predicted output state:
[  2.63520819e-03   1.20648702e-09   1.00056946e-04   1.29418898e-09
   9.93901073e-10   5.76773524e-01   1.76582962e-01   1.45880830e-09
   1.22186206e-01   5.76773763e-01   1.76582918e-01   1.62225626e-02
   6.34810686e-01   5.37369907e-01   2.54694164e-01   2.16409210e-02
   6.22190833e-01   5.52191377e-01   2.68566400e-01   2.60349493e-02
   6.25402331e-01   5.21251798e-01   2.71863729e-01   3.79461981e-02
   6.31680608e-01   4.84465748e-01   2.84651637e-01   4.29156758e-02
   6.22345328e-01   5.99858999e-01   3.34794462e-01   5.24999537e-02
   6.27216220e-01   4.93421167e-01   3.34948212e-01   5.39671816e-02
   6.29439652e-01   5.22406697e-01   3.46426725e-01   6.14631176e-02
   6.27549231e-01   4.02741045e-01   2.82218456e-01   6.97349682e-02
   6.27851307e-01   5.83361328e-01   3.80704552e-01]
Squared sum of errors between actual and predicted output: 0.2646949388762192

Actual ouput state iteration 46:
[  3.30000000e-03   0.00000000e+00   1.00000000e-04   0.00000000e+00
   0.00000000e+00   3.33333333e-01   2.50000000e-01   0.00000000e+00
   1.25000000e-01   3.33333333e-01   2.50000000e-01   0.00000000e+00
   8.75000000e-01   3.33333333e-01   2.50000000e-01   0.00000000e+00
   6.25000000e-01   3.33333333e-01   2.50000000e-01   6.94444444e-03
   6.25000000e-01   2.50000000e-01   2.50000000e-01   6.94444444e-03
   6.25000000e-01   3.33333333e-01   3.33333333e-01   6.94444444e-03
   8.75000000e-01   4.16666667e-01   2.50000000e-01   6.94444444e-03
   6.25000000e-01   4.16666667e-01   2.50000000e-01   1.38888889e-02
   6.25000000e-01   2.50000000e-01   3.33333333e-01   1.38888889e-02
   6.25000000e-01   4.16666667e-01   3.33333333e-01   2.77777778e-02
   6.25000000e-01   3.33333333e-01   4.16666667e-01]
Predicted output state:
[  2.43878039e-03   1.23553401e-09   9.99667318e-05   1.24848487e-09
   8.41947234e-10   4.47378546e-01   2.28416279e-01   1.14076359e-09
   8.50914776e-01   4.47378725e-01   2.28416383e-01   4.80002719e-17
   7.32929349e-01   4.58277583e-01   2.95364112e-01   3.70497993e-21
   2.11325198e-01   4.63549256e-01   3.09625477e-01   7.08015067e-21
   8.08161676e-01   4.62306976e-01   3.07905823e-01   5.82495676e-19
   6.56154633e-01   4.33279663e-01   3.19221735e-01   1.12797202e-17
   6.58451200e-01   4.48017180e-01   3.11080217e-01   7.80090461e-18
   6.45396471e-01   4.08930391e-01   3.70003521e-01   4.41470429e-20
   6.44696474e-01   4.68968749e-01   3.85480821e-01   3.46431380e-17
   6.40915692e-01   4.33232397e-01   3.56710970e-01   3.37686724e-17
   6.37924552e-01   3.56747687e-01   3.56661797e-01]
Squared sum of errors between actual and predicted output: 0.29161803156687033

Actual ouput state iteration 47:
[  3.40000000e-03   0.00000000e+00   1.00000000e-04   0.00000000e+00
   0.00000000e+00   2.50000000e-01   2.50000000e-01   0.00000000e+00
   6.25000000e-01   2.50000000e-01   2.50000000e-01   0.00000000e+00
   8.75000000e-01   2.50000000e-01   2.50000000e-01   0.00000000e+00
   1.25000000e-01   2.50000000e-01   2.50000000e-01   6.94444444e-03
   8.75000000e-01   3.33333333e-01   2.50000000e-01   6.94444444e-03
   6.25000000e-01   3.33333333e-01   2.50000000e-01   6.94444444e-03
   6.25000000e-01   2.50000000e-01   3.33333333e-01   1.38888889e-02
   6.25000000e-01   3.33333333e-01   3.33333333e-01   2.77777778e-02
   6.25000000e-01   2.50000000e-01   4.16666667e-01   2.77777778e-02
   6.25000000e-01   4.16666667e-01   2.50000000e-01   2.77777778e-02
   8.75000000e-01   4.16666667e-01   2.50000000e-01]
Predicted output state:
[  2.59187655e-03   3.21870419e-09   1.00036814e-04   3.61015173e-09
   2.99595926e-09   3.77969801e-01   1.68121397e-01   3.68820086e-09
   1.32620052e-01   3.77970040e-01   1.68121427e-01   1.06499689e-02
   6.40526235e-01   3.63679647e-01   2.70291030e-01   1.49190212e-02
   6.30057037e-01   3.97494316e-01   2.64361769e-01   1.82186216e-02
   6.34175241e-01   3.91461521e-01   2.92273164e-01   2.77735572e-02
   6.30895436e-01   3.36343139e-01   3.13609719e-01   3.22411880e-02
   6.26205325e-01   4.64168698e-01   3.33198845e-01   3.89192179e-02
   6.24790311e-01   4.16922867e-01   3.40186417e-01   4.05348539e-02
   6.27361238e-01   4.87906277e-01   3.31581414e-01   4.79409508e-02
   6.26281202e-01   2.72745371e-01   3.36010009e-01   5.52727096e-02
   6.26118600e-01   4.10518587e-01   3.74193937e-01]
Squared sum of errors between actual and predicted output: 0.2699147688565612

Actual ouput state iteration 48:
[  3.40000000e-03   0.00000000e+00   1.00000000e-04   0.00000000e+00
   0.00000000e+00   1.66666667e-01   2.50000000e-01   0.00000000e+00
   1.25000000e-01   1.66666667e-01   2.50000000e-01   6.94444444e-03
   6.25000000e-01   2.50000000e-01   2.50000000e-01   6.94444444e-03
   8.75000000e-01   2.50000000e-01   2.50000000e-01   1.38888889e-02
   6.25000000e-01   2.50000000e-01   3.33333333e-01   2.77777778e-02
   8.75000000e-01   3.33333333e-01   2.50000000e-01   2.77777778e-02
   6.25000000e-01   3.33333333e-01   2.50000000e-01   3.47222222e-02
   6.25000000e-01   3.33333333e-01   3.33333333e-01   3.47222222e-02
   6.25000000e-01   2.50000000e-01   4.16666667e-01   5.55555556e-02
   6.25000000e-01   3.33333333e-01   4.16666667e-01   6.25000000e-02
   6.25000000e-01   4.16666667e-01   2.50000000e-01]
Predicted output state:
[  2.34428863e-03   1.88939087e-09   9.99471886e-05   1.96091943e-09
   1.36170553e-09   2.72176713e-01   2.12043226e-01   1.74763759e-09
   8.58549595e-01   2.72176832e-01   2.12043330e-01   6.64731936e-17
   7.23690569e-01   3.00998479e-01   3.09815466e-01   6.45137264e-21
   2.23244652e-01   3.28663230e-01   3.12573403e-01   1.26801271e-20
   8.08440149e-01   3.28303576e-01   3.14374924e-01   9.71660218e-19
   6.58273458e-01   3.07695299e-01   3.43385547e-01   1.76883144e-17
   6.62969589e-01   3.44621599e-01   3.41100454e-01   1.27732626e-17
   6.45072222e-01   3.28855067e-01   3.39264810e-01   7.97334837e-20
   6.45170748e-01   4.06697273e-01   3.85416299e-01   5.55152210e-17
   6.41312838e-01   3.13225359e-01   3.65732729e-01   5.49134702e-17
   6.37391806e-01   2.69838572e-01   4.06297415e-01]
Squared sum of errors between actual and predicted output: 0.29263370330004246

Actual ouput state iteration 49:
[  3.40000000e-03   0.00000000e+00   1.00000000e-04   0.00000000e+00
   0.00000000e+00   1.66666667e-01   3.33333333e-01   0.00000000e+00
   1.25000000e-01   1.66666667e-01   3.33333333e-01   6.94444444e-03
   6.25000000e-01   2.50000000e-01   3.33333333e-01   1.38888889e-02
   6.25000000e-01   2.50000000e-01   2.50000000e-01   1.38888889e-02
   8.75000000e-01   2.50000000e-01   2.50000000e-01   1.38888889e-02
   6.25000000e-01   2.50000000e-01   4.16666667e-01   2.77777778e-02
   6.25000000e-01   3.33333333e-01   3.33333333e-01   3.47222222e-02
   6.25000000e-01   3.33333333e-01   2.50000000e-01   3.47222222e-02
   6.25000000e-01   3.33333333e-01   4.16666667e-01   3.47222222e-02
   6.25000000e-01   2.50000000e-01   5.00000000e-01   5.55555556e-02
   6.25000000e-01   3.33333333e-01   5.00000000e-01]
Predicted output state:
[  2.67405855e-03   5.72294345e-09   1.00113451e-04   6.75934508e-09
   5.32360556e-09   1.56023428e-01   2.08941698e-01   6.94576707e-09
   1.31507829e-01   1.56023458e-01   2.08941743e-01   1.99029371e-02
   6.31698012e-01   2.38655329e-01   3.01537573e-01   2.85185501e-02
   6.28286004e-01   2.65054524e-01   2.92946994e-01   3.42925489e-02
   6.32935882e-01   2.81760931e-01   3.35085660e-01   4.92045321e-02
   6.27464771e-01   2.84726620e-01   3.45453650e-01   5.44365793e-02
   6.24304712e-01   3.91349494e-01   3.42679232e-01   6.70906752e-02
   6.22815669e-01   2.99069673e-01   3.68116647e-01   7.05792680e-02
   6.25762999e-01   3.71377915e-01   3.55769217e-01   7.96234384e-02
   6.24264777e-01   2.38403648e-01   3.68665665e-01   8.76832306e-02
   6.24233544e-01   4.86425787e-01   3.43670726e-01]
Squared sum of errors between actual and predicted output: 0.20674198201316657



Maximum SSE occurred: 0.8290844762605984
Total SSE: 11.337643270759878
Variance output object: 
[  1.02941945e-06   0.00000000e+00   0.00000000e+00   0.00000000e+00
   0.00000000e+00   3.53229527e-02   2.43976676e-02   0.00000000e+00
   1.12937332e-01   3.53229527e-02   2.43976676e-02   1.14954600e-05
   9.03018070e-02   2.67098125e-02   2.21389209e-02   4.79842748e-05
   5.51230296e-02   2.67098125e-02   2.26835832e-02   4.06420133e-05
   1.64359862e-02   2.40986373e-02   2.17384339e-02   1.10801401e-04
   9.08304498e-03   2.18078517e-02   2.02005639e-02   1.73915185e-04
   1.24471357e-02   2.21549404e-02   1.95971635e-02   2.41997973e-04
   9.08304498e-03   1.95170661e-02   1.71461831e-02   3.14641864e-04
   4.51749327e-03   1.77709428e-02   1.38782092e-02   3.38671083e-04
   4.51749327e-03   2.26248451e-02   1.77869623e-02   5.10954654e-04
   8.26605152e-03   1.48874365e-02   2.10495963e-02]
Variance predicted object: 
[  3.84707590e-07   1.35958483e-17   1.40849414e-15   2.14908372e-17
   9.54005764e-18   4.40350845e-02   3.45855840e-02   1.23000764e-17
   1.26384467e-01   4.40351069e-02   3.45855840e-02   7.47529411e-05
   4.76021431e-02   2.71073505e-02   2.05151886e-02   1.42705714e-04
   3.24165635e-02   2.09192131e-02   1.71149485e-02   1.82733507e-04
   5.58841089e-03   2.01455541e-02   1.42202917e-02   3.94425762e-04
   8.41466826e-04   1.68944243e-02   1.20319529e-02   5.03831136e-04
   2.51621357e-03   1.26013812e-02   1.25092454e-02   6.67236571e-04
   4.93287283e-04   1.35279298e-02   5.93582215e-03   7.89193902e-04
   3.11660988e-04   6.10735966e-03   6.55367132e-03   9.86639061e-04
   1.55854272e-04   1.50451735e-02   6.10472122e-03   1.26947346e-03
   2.37269589e-04   1.12151075e-02   9.20325425e-03]