Game: ZenPuzzle
File: 1-101_4.txt
Actual ouput state iteration 0:
[  1.00000000e-04   0.00000000e+00   1.00000000e-04   0.00000000e+00
   0.00000000e+00   2.50000000e-01   4.54545455e-01   0.00000000e+00
   8.75000000e-01   2.50000000e-01   4.54545455e-01   0.00000000e+00
   6.25000000e-01   2.50000000e-01   4.54545455e-01   0.00000000e+00
   1.25000000e-01   2.50000000e-01   4.54545455e-01   6.94444444e-03
   6.25000000e-01   3.33333333e-01   4.54545455e-01   8.26446281e-03
   6.25000000e-01   2.50000000e-01   5.45454545e-01   8.26446281e-03
   6.25000000e-01   2.50000000e-01   3.63636364e-01   1.52089073e-02
   6.25000000e-01   3.33333333e-01   3.63636364e-01   1.52089073e-02
   6.25000000e-01   3.33333333e-01   5.45454545e-01   2.77777778e-02
   6.25000000e-01   4.16666667e-01   4.54545455e-01   3.30578512e-02
   6.25000000e-01   2.50000000e-01   2.72727273e-01]
Predicted output state:
[  2.62209307e-03   2.53526679e-07   9.99964759e-05   3.04703235e-07
   2.05780069e-07   8.29546377e-02   4.93357211e-01   2.03103539e-07
   1.31136104e-01   8.29545632e-02   4.93357211e-01   2.23819949e-02
   6.38763011e-01   2.34289527e-01   5.17449737e-01   2.92246733e-02
   6.26818061e-01   2.27217585e-01   4.76044565e-01   3.43984775e-02
   6.32690251e-01   2.80570537e-01   4.97273743e-01   4.94312719e-02
   6.27023280e-01   3.08909476e-01   5.83357871e-01   5.48253693e-02
   6.30846798e-01   2.63094157e-01   4.30738896e-01   6.42387345e-02
   6.26524627e-01   2.92843282e-01   4.70218778e-01   6.81910515e-02
   6.23294532e-01   3.60705197e-01   3.96940202e-01   7.86002427e-02
   6.23899877e-01   3.37769747e-01   5.49491823e-01   8.86587501e-02
   6.25367761e-01   3.10867727e-01   6.07618332e-01]
Squared sum of errors between actual and predicted output: 0.1293727372522301

Actual ouput state iteration 1:
[  2.00000000e-04   0.00000000e+00   1.00000000e-04   0.00000000e+00
   0.00000000e+00   3.33333333e-01   4.54545455e-01   0.00000000e+00
   1.25000000e-01   3.33333333e-01   4.54545455e-01   0.00000000e+00
   8.75000000e-01   3.33333333e-01   4.54545455e-01   0.00000000e+00
   6.25000000e-01   3.33333333e-01   4.54545455e-01   6.94444444e-03
   6.25000000e-01   2.50000000e-01   4.54545455e-01   6.94444444e-03
   8.75000000e-01   2.50000000e-01   4.54545455e-01   6.94444444e-03
   6.25000000e-01   4.16666667e-01   4.54545455e-01   8.26446281e-03
   6.25000000e-01   3.33333333e-01   3.63636364e-01   8.26446281e-03
   6.25000000e-01   3.33333333e-01   5.45454545e-01   1.52089073e-02
   6.25000000e-01   2.50000000e-01   3.63636364e-01   1.52089073e-02
   6.25000000e-01   2.50000000e-01   5.45454545e-01]
Predicted output state:
[  2.38327775e-03   2.72036482e-09   9.99509066e-05   2.93998559e-09
   1.85792870e-09   2.70897865e-01   3.78851742e-01   2.40649456e-09
   8.61058474e-01   2.70897865e-01   3.78851891e-01   3.12693032e-17
   7.37555981e-01   2.72924602e-01   4.68741536e-01   2.33893113e-21
   2.17063546e-01   2.92455941e-01   4.55361664e-01   4.58575078e-21
   8.14162850e-01   2.97841936e-01   4.43050027e-01   3.87249438e-19
   6.56073034e-01   3.10428679e-01   4.63974595e-01   7.43138980e-18
   6.61677539e-01   3.05173159e-01   4.66610253e-01   5.43206985e-18
   6.43729925e-01   2.91483939e-01   4.01394457e-01   2.94298163e-20
   6.43580556e-01   3.71762842e-01   4.74890530e-01   2.36728305e-17
   6.40305102e-01   3.04943532e-01   4.41627771e-01   2.32006146e-17
   6.35532796e-01   2.85894036e-01   4.99500066e-01]
Squared sum of errors between actual and predicted output: 0.17817977888914804

Actual ouput state iteration 2:
[  3.00000000e-04   0.00000000e+00   1.00000000e-04   0.00000000e+00
   0.00000000e+00   3.33333333e-01   3.63636364e-01   0.00000000e+00
   8.75000000e-01   3.33333333e-01   3.63636364e-01   0.00000000e+00
   1.25000000e-01   3.33333333e-01   3.63636364e-01   0.00000000e+00
   6.25000000e-01   3.33333333e-01   3.63636364e-01   6.94444444e-03
   6.25000000e-01   2.50000000e-01   3.63636364e-01   6.94444444e-03
   6.25000000e-01   4.16666667e-01   3.63636364e-01   8.26446281e-03
   8.75000000e-01   3.33333333e-01   4.54545455e-01   8.26446281e-03
   6.25000000e-01   3.33333333e-01   4.54545455e-01   8.26446281e-03
   6.25000000e-01   3.33333333e-01   2.72727273e-01   1.52089073e-02
   8.75000000e-01   2.50000000e-01   4.54545455e-01   1.52089073e-02
   6.25000000e-01   2.50000000e-01   4.54545455e-01]
Predicted output state:
[  2.53186142e-03   2.92897595e-09   9.98998294e-05   3.31195804e-09
   2.14526463e-09   2.13078737e-01   3.94830257e-01   3.21853855e-09
   1.28784984e-01   2.13078797e-01   3.94830257e-01   1.10773724e-02
   6.41987801e-01   2.67598391e-01   4.35290009e-01   1.34316469e-02
   6.26258850e-01   2.95767367e-01   4.28935468e-01   1.69776119e-02
   6.29027426e-01   3.12750816e-01   4.00827020e-01   2.48636287e-02
   6.34739041e-01   3.34475756e-01   4.14123684e-01   2.75083166e-02
   6.25020266e-01   3.20541501e-01   5.24925411e-01   3.60030830e-02
   6.26961112e-01   3.98213595e-01   3.53711575e-01   3.49020585e-02
   6.30581200e-01   3.41754228e-01   4.91011411e-01   4.09427658e-02
   6.29292071e-01   3.38137418e-01   2.77619451e-01   4.74109128e-02
   6.26817286e-01   3.62958550e-01   6.03869200e-01]
Squared sum of errors between actual and predicted output: 0.22772203607946004

Actual ouput state iteration 3:
[  3.00000000e-04   0.00000000e+00   1.00000000e-04   0.00000000e+00
   0.00000000e+00   3.33333333e-01   3.63636364e-01   0.00000000e+00
   1.25000000e-01   3.33333333e-01   3.63636364e-01   0.00000000e+00
   8.75000000e-01   3.33333333e-01   3.63636364e-01   0.00000000e+00
   6.25000000e-01   3.33333333e-01   3.63636364e-01   0.00000000e+00
   8.75000000e-01   3.33333333e-01   3.63636364e-01   6.94444444e-03
   6.25000000e-01   2.50000000e-01   3.63636364e-01   6.94444444e-03
   6.25000000e-01   4.16666667e-01   3.63636364e-01   8.26446281e-03
   8.75000000e-01   3.33333333e-01   4.54545455e-01   8.26446281e-03
   6.25000000e-01   3.33333333e-01   4.54545455e-01   8.26446281e-03
   6.25000000e-01   3.33333333e-01   2.72727273e-01   1.52089073e-02
   6.25000000e-01   2.50000000e-01   4.54545455e-01]
Predicted output state:
[  1.06901128e-03   4.11712309e-09   9.99299300e-05   4.05194811e-09
   3.27271055e-09   2.75694609e-01   3.18719447e-01   4.25970903e-09
   8.38575542e-01   2.75694609e-01   3.18719655e-01   1.89571700e-03
   1.53162897e-01   3.11354041e-01   3.90392184e-01   2.29469687e-03
   6.59093618e-01   3.48255754e-01   3.66925210e-01   3.47322621e-03
   6.45582736e-01   3.58056068e-01   3.81499261e-01   5.77329844e-03
   7.04600573e-01   3.39898467e-01   4.11309659e-01   6.13034796e-03
   7.55385756e-01   3.77213806e-01   4.39185321e-01   7.37702893e-03
   6.80911481e-01   4.69266236e-01   3.55324894e-01   7.48109771e-03
   6.71437860e-01   4.20032024e-01   3.82537663e-01   1.21397115e-02
   6.57577813e-01   3.20968926e-01   3.79841328e-01   1.35307992e-02
   6.64437056e-01   3.88164610e-01   4.83010978e-01]
Squared sum of errors between actual and predicted output: 0.1913502215296118

Actual ouput state iteration 4:
[  4.00000000e-04   0.00000000e+00   1.00000000e-04   0.00000000e+00
   0.00000000e+00   4.16666667e-01   3.63636364e-01   0.00000000e+00
   8.75000000e-01   4.16666667e-01   3.63636364e-01   0.00000000e+00
   1.25000000e-01   4.16666667e-01   3.63636364e-01   0.00000000e+00
   6.25000000e-01   4.16666667e-01   3.63636364e-01   6.94444444e-03
   6.25000000e-01   5.00000000e-01   3.63636364e-01   6.94444444e-03
   8.75000000e-01   3.33333333e-01   3.63636364e-01   6.94444444e-03
   8.75000000e-01   3.33333333e-01   3.63636364e-01   6.94444444e-03
   6.25000000e-01   3.33333333e-01   3.63636364e-01   8.26446281e-03
   6.25000000e-01   4.16666667e-01   4.54545455e-01   8.26446281e-03
   6.25000000e-01   4.16666667e-01   2.72727273e-01   1.52089073e-02
   6.25000000e-01   5.00000000e-01   4.54545455e-01]
Predicted output state:
[  2.55112583e-03   3.67294639e-09   9.99460462e-05   4.21602842e-09
   3.21386406e-09   2.86805719e-01   2.40405098e-01   4.13411216e-09
   1.33646682e-01   2.86805809e-01   2.40405023e-01   8.96546897e-03
   6.44369483e-01   3.00092757e-01   3.46238315e-01   1.19709298e-02
   6.30601704e-01   3.17163527e-01   3.29611212e-01   1.47421332e-02
   6.34801626e-01   3.55599493e-01   3.53310227e-01   2.27368847e-02
   6.32416904e-01   3.28177303e-01   3.60254258e-01   2.61552520e-02
   6.27417266e-01   3.47704500e-01   4.03747320e-01   3.22192945e-02
   6.25541866e-01   4.13858652e-01   3.65311533e-01   3.28645967e-02
   6.28088236e-01   4.13631648e-01   3.99261475e-01   3.93301435e-02
   6.27251029e-01   3.11669707e-01   3.24755222e-01   4.59558591e-02
   6.26261353e-01   3.49683046e-01   4.36264724e-01]
Squared sum of errors between actual and predicted output: 0.2654690585785209

Actual ouput state iteration 5:
[  5.00000000e-04   0.00000000e+00   1.00000000e-04   0.00000000e+00
   0.00000000e+00   5.00000000e-01   3.63636364e-01   0.00000000e+00
   1.25000000e-01   5.00000000e-01   3.63636364e-01   0.00000000e+00
   8.75000000e-01   5.00000000e-01   3.63636364e-01   0.00000000e+00
   6.25000000e-01   5.00000000e-01   3.63636364e-01   6.94444444e-03
   8.75000000e-01   4.16666667e-01   3.63636364e-01   6.94444444e-03
   6.25000000e-01   4.16666667e-01   3.63636364e-01   6.94444444e-03
   6.25000000e-01   5.83333333e-01   3.63636364e-01   8.26446281e-03
   6.25000000e-01   5.00000000e-01   4.54545455e-01   8.26446281e-03
   6.25000000e-01   5.00000000e-01   2.72727273e-01   1.52089073e-02
   6.25000000e-01   4.16666667e-01   4.54545455e-01   1.52089073e-02
   6.25000000e-01   5.83333333e-01   4.54545455e-01]
Predicted output state:
[  1.09052705e-03   3.27262306e-09   9.99375552e-05   3.17439253e-09
   2.54359311e-09   3.58444154e-01   3.16921622e-01   3.38969031e-09
   8.35752964e-01   3.58444154e-01   3.16921741e-01   1.35620474e-03
   1.57364532e-01   3.85188997e-01   3.75320494e-01   1.40696845e-03
   6.49601936e-01   4.13738847e-01   3.58606696e-01   2.10856972e-03
   6.46371484e-01   4.22758102e-01   3.71589392e-01   3.70374438e-03
   7.03703761e-01   3.98337126e-01   3.93470466e-01   4.11343994e-03
   7.53458202e-01   4.27966267e-01   4.18170780e-01   4.83667105e-03
   6.81019187e-01   5.11842489e-01   3.65779132e-01   4.56639798e-03
   6.71235859e-01   4.52201009e-01   3.78296077e-01   8.10715836e-03
   6.57433510e-01   3.75261575e-01   3.72185946e-01   8.98570009e-03
   6.64671719e-01   4.30596977e-01   4.55494255e-01]
Squared sum of errors between actual and predicted output: 0.14652020618588973

Actual ouput state iteration 6:
[  6.00000000e-04   0.00000000e+00   1.00000000e-04   0.00000000e+00
   0.00000000e+00   5.83333333e-01   3.63636364e-01   0.00000000e+00
   6.25000000e-01   5.83333333e-01   3.63636364e-01   0.00000000e+00
   8.75000000e-01   5.83333333e-01   3.63636364e-01   0.00000000e+00
   1.25000000e-01   5.83333333e-01   3.63636364e-01   6.94444444e-03
   6.25000000e-01   6.66666667e-01   3.63636364e-01   6.94444444e-03
   6.25000000e-01   5.00000000e-01   3.63636364e-01   6.94444444e-03
   8.75000000e-01   5.00000000e-01   3.63636364e-01   8.26446281e-03
   6.25000000e-01   5.83333333e-01   4.54545455e-01   8.26446281e-03
   6.25000000e-01   5.83333333e-01   2.72727273e-01   1.52089073e-02
   6.25000000e-01   6.66666667e-01   4.54545455e-01   1.52089073e-02
   6.25000000e-01   6.66666667e-01   2.72727273e-01]
Predicted output state:
[  2.57592159e-03   1.71136250e-09   9.99544282e-05   1.87203986e-09
   1.38306744e-09   5.38090706e-01   2.40403250e-01   1.95256300e-09
   1.25486538e-01   5.38090885e-01   2.40403280e-01   1.18067097e-02
   6.41362190e-01   4.90605772e-01   3.24185878e-01   1.53403571e-02
   6.24920249e-01   4.94273424e-01   3.25127602e-01   1.85214393e-02
   6.28521323e-01   5.06980658e-01   3.27691853e-01   2.79273316e-02
   6.33123338e-01   4.68534917e-01   3.30161184e-01   3.19463275e-02
   6.24994993e-01   4.88149375e-01   3.91975015e-01   3.88278142e-02
   6.27643645e-01   5.20427227e-01   3.66087139e-01   3.97445187e-02
   6.29517138e-01   4.94589508e-01   3.98675472e-01   4.64653820e-02
   6.28342390e-01   4.29879010e-01   2.91421711e-01   5.40788248e-02
   6.28028870e-01   4.56875265e-01   4.36471641e-01]
Squared sum of errors between actual and predicted output: 0.24823783131644286

Actual ouput state iteration 7:
[  7.00000000e-04   0.00000000e+00   1.00000000e-04   0.00000000e+00
   0.00000000e+00   5.83333333e-01   4.54545455e-01   0.00000000e+00
   6.25000000e-01   5.83333333e-01   4.54545455e-01   0.00000000e+00
   8.75000000e-01   5.83333333e-01   4.54545455e-01   0.00000000e+00
   1.25000000e-01   5.83333333e-01   4.54545455e-01   6.94444444e-03
   6.25000000e-01   6.66666667e-01   4.54545455e-01   6.94444444e-03
   6.25000000e-01   5.00000000e-01   4.54545455e-01   8.26446281e-03
   6.25000000e-01   5.83333333e-01   3.63636364e-01   8.26446281e-03
   8.75000000e-01   5.83333333e-01   3.63636364e-01   8.26446281e-03
   6.25000000e-01   5.83333333e-01   5.45454545e-01   1.52089073e-02
   6.25000000e-01   6.66666667e-01   3.63636364e-01   1.52089073e-02
   6.25000000e-01   6.66666667e-01   5.45454545e-01]
Predicted output state:
[  2.57718260e-03   8.49600168e-10   9.99949407e-05   8.46295978e-10
   5.20439969e-10   7.04693973e-01   3.51497412e-01   7.63704822e-10
   8.41261268e-01   7.04694211e-01   3.51497412e-01   2.74268342e-17
   7.47687638e-01   6.66878462e-01   3.61340612e-01   1.46946162e-21
   1.95648417e-01   6.33809149e-01   3.85409027e-01   2.68972215e-21
   8.09753120e-01   6.35211110e-01   3.70394796e-01   2.47961140e-19
   6.52495444e-01   6.20916426e-01   3.51200134e-01   5.23102981e-18
   6.52556539e-01   5.72354615e-01   3.37289810e-01   3.45029234e-18
   6.45487905e-01   5.04696190e-01   4.52067077e-01   1.65988702e-20
   6.43420219e-01   5.36609828e-01   4.36502546e-01   1.56519198e-17
   6.39978766e-01   6.04656696e-01   3.86982888e-01   1.48993724e-17
   6.37898803e-01   5.05426943e-01   3.41108531e-01]
Squared sum of errors between actual and predicted output: 0.290014935071231

Actual ouput state iteration 8:
[  8.00000000e-04   0.00000000e+00   1.00000000e-04   0.00000000e+00
   0.00000000e+00   5.83333333e-01   5.45454545e-01   0.00000000e+00
   6.25000000e-01   5.83333333e-01   5.45454545e-01   0.00000000e+00
   1.25000000e-01   5.83333333e-01   5.45454545e-01   0.00000000e+00
   8.75000000e-01   5.83333333e-01   5.45454545e-01   6.94444444e-03
   6.25000000e-01   6.66666667e-01   5.45454545e-01   6.94444444e-03
   6.25000000e-01   5.00000000e-01   5.45454545e-01   8.26446281e-03
   8.75000000e-01   5.83333333e-01   4.54545455e-01   8.26446281e-03
   6.25000000e-01   5.83333333e-01   4.54545455e-01   8.26446281e-03
   6.25000000e-01   5.83333333e-01   6.36363636e-01   1.52089073e-02
   6.25000000e-01   6.66666667e-01   4.54545455e-01   1.52089073e-02
   6.25000000e-01   6.66666667e-01   6.36363636e-01]
Predicted output state:
[  2.64114165e-03   1.02295039e-09   9.99968543e-05   1.04418918e-09
   6.05865358e-10   7.13323772e-01   4.65485692e-01   8.93713270e-10
   8.43179882e-01   7.13323951e-01   4.65485752e-01   9.69065910e-18
   7.64853179e-01   6.54267192e-01   4.57305491e-01   3.71869889e-22
   1.86755583e-01   6.15014553e-01   4.73473310e-01   6.82373266e-22
   8.15572202e-01   6.20063543e-01   4.48685169e-01   7.17400497e-20
   6.50270522e-01   6.26358211e-01   4.20978218e-01   1.64909622e-18
   6.49864376e-01   5.48513770e-01   4.08524543e-01   1.08384948e-18
   6.44044459e-01   4.79886174e-01   4.92335767e-01   4.35427349e-21
   6.41966701e-01   5.17980933e-01   4.90831107e-01   5.01870992e-18
   6.39082253e-01   6.02668703e-01   4.32716966e-01   4.74337871e-18
   6.36309326e-01   5.16455173e-01   3.91309202e-01]
Squared sum of errors between actual and predicted output: 0.3085194261243901

Actual ouput state iteration 9:
[  9.00000000e-04   0.00000000e+00   1.00000000e-04   0.00000000e+00
   0.00000000e+00   5.00000000e-01   5.45454545e-01   0.00000000e+00
   6.25000000e-01   5.00000000e-01   5.45454545e-01   0.00000000e+00
   8.75000000e-01   5.00000000e-01   5.45454545e-01   0.00000000e+00
   1.25000000e-01   5.00000000e-01   5.45454545e-01   6.94444444e-03
   6.25000000e-01   4.16666667e-01   5.45454545e-01   6.94444444e-03
   6.25000000e-01   5.83333333e-01   5.45454545e-01   6.94444444e-03
   8.75000000e-01   5.83333333e-01   5.45454545e-01   8.26446281e-03
   6.25000000e-01   5.00000000e-01   4.54545455e-01   8.26446281e-03
   6.25000000e-01   5.00000000e-01   6.36363636e-01   1.52089073e-02
   6.25000000e-01   4.16666667e-01   4.54545455e-01   1.52089073e-02
   8.75000000e-01   5.83333333e-01   4.54545455e-01]
Predicted output state:
[  1.11811911e-03   3.05081604e-09   9.99638578e-05   3.00827030e-09
   2.05775574e-09   6.59149051e-01   6.32273018e-01   2.98072944e-09
   8.26837659e-01   6.59149170e-01   6.32273197e-01   2.01121089e-03
   1.57145903e-01   5.88060975e-01   5.99024832e-01   1.92098005e-03
   6.44238830e-01   5.67700088e-01   5.73635101e-01   2.70774565e-03
   6.46255970e-01   5.84923923e-01   5.62208712e-01   4.75109927e-03
   7.01093853e-01   6.01748109e-01   5.41360497e-01   5.18658245e-03
   7.52429247e-01   5.24315596e-01   5.67180514e-01   6.01897296e-03
   6.82022691e-01   5.90276182e-01   5.07526398e-01   5.62440325e-03
   6.70069039e-01   5.02047062e-01   5.06358445e-01   9.83921718e-03
   6.56602085e-01   5.45401752e-01   4.73940849e-01   1.06792692e-02
   6.64622962e-01   6.05550289e-01   5.23937941e-01]
Squared sum of errors between actual and predicted output: 0.24606463324429376

Actual ouput state iteration 10:
[  9.00000000e-04   0.00000000e+00   1.00000000e-04   0.00000000e+00
   0.00000000e+00   5.00000000e-01   5.45454545e-01   0.00000000e+00
   8.75000000e-01   5.00000000e-01   5.45454545e-01   0.00000000e+00
   6.25000000e-01   5.00000000e-01   5.45454545e-01   0.00000000e+00
   1.25000000e-01   5.00000000e-01   5.45454545e-01   0.00000000e+00
   8.75000000e-01   5.00000000e-01   5.45454545e-01   6.94444444e-03
   6.25000000e-01   4.16666667e-01   5.45454545e-01   6.94444444e-03
   6.25000000e-01   5.83333333e-01   5.45454545e-01   6.94444444e-03
   8.75000000e-01   5.83333333e-01   5.45454545e-01   8.26446281e-03
   6.25000000e-01   5.00000000e-01   4.54545455e-01   8.26446281e-03
   6.25000000e-01   5.00000000e-01   6.36363636e-01   1.52089073e-02
   6.25000000e-01   4.16666667e-01   4.54545455e-01]
Predicted output state:
[  2.47716717e-03   1.84045923e-09   9.99785480e-05   1.95807526e-09
   1.12366694e-09   5.61509669e-01   5.48395693e-01   1.58413183e-09
   8.50955427e-01   5.61509728e-01   5.48395753e-01   3.59076424e-17
   7.41074800e-01   4.94307965e-01   5.60144961e-01   2.28617091e-21
   2.07748860e-01   4.72156286e-01   5.54240167e-01   4.24669518e-21
   8.12930644e-01   4.82070714e-01   5.26701450e-01   3.69934867e-19
   6.53373420e-01   5.11834681e-01   5.10569572e-01   7.26353500e-18
   6.58084452e-01   4.31667268e-01   5.08211970e-01   5.10776749e-18
   6.44803643e-01   3.91635776e-01   4.95682597e-01   2.63388863e-20
   6.42842472e-01   4.46191311e-01   5.35441101e-01   2.22513785e-17
   6.39723241e-01   4.84521955e-01   4.81276155e-01   2.13557239e-17
   6.36189699e-01   4.40017581e-01   4.87483829e-01]
Squared sum of errors between actual and predicted output: 0.3152104402589293

Actual ouput state iteration 11:
[  1.00000000e-03   0.00000000e+00   1.00000000e-04   0.00000000e+00
   0.00000000e+00   4.16666667e-01   5.45454545e-01   0.00000000e+00
   6.25000000e-01   4.16666667e-01   5.45454545e-01   0.00000000e+00
   8.75000000e-01   4.16666667e-01   5.45454545e-01   0.00000000e+00
   1.25000000e-01   4.16666667e-01   5.45454545e-01   6.94444444e-03
   8.75000000e-01   5.00000000e-01   5.45454545e-01   6.94444444e-03
   6.25000000e-01   5.00000000e-01   5.45454545e-01   6.94444444e-03
   8.75000000e-01   5.00000000e-01   5.45454545e-01   6.94444444e-03
   6.25000000e-01   3.33333333e-01   5.45454545e-01   8.26446281e-03
   6.25000000e-01   4.16666667e-01   4.54545455e-01   8.26446281e-03
   6.25000000e-01   4.16666667e-01   6.36363636e-01   1.52089073e-02
   6.25000000e-01   5.00000000e-01   4.54545455e-01]
Predicted output state:
[  2.57879868e-03   1.68077008e-09   9.99800759e-05   1.78478721e-09
   1.02282549e-09   5.71856081e-01   5.26229262e-01   1.44363721e-09
   8.51286769e-01   5.71856320e-01   5.26229262e-01   7.88617783e-18
   7.65514553e-01   5.05336702e-01   5.41573107e-01   3.15344332e-22
   1.92313090e-01   4.81905282e-01   5.39012074e-01   5.92718176e-22
   8.18824589e-01   4.90670234e-01   5.11652172e-01   6.23466707e-20
   6.50996804e-01   5.16777158e-01   4.95527118e-01   1.41083191e-18
   6.52824342e-01   4.39001262e-01   4.90850180e-01   9.63782460e-19
   6.43070817e-01   3.92250359e-01   4.91193473e-01   3.87179657e-21
   6.41588867e-01   4.51841444e-01   5.28294504e-01   4.41176242e-18
   6.38951838e-01   4.91478264e-01   4.73818511e-01   4.20891416e-18
   6.34974062e-01   4.36794639e-01   4.73389506e-01]
Squared sum of errors between actual and predicted output: 0.20782440792123666

Actual ouput state iteration 12:
[  1.00000000e-03   0.00000000e+00   1.00000000e-04   0.00000000e+00
   0.00000000e+00   4.16666667e-01   5.45454545e-01   0.00000000e+00
   8.75000000e-01   4.16666667e-01   5.45454545e-01   0.00000000e+00
   1.25000000e-01   4.16666667e-01   5.45454545e-01   0.00000000e+00
   6.25000000e-01   4.16666667e-01   5.45454545e-01   0.00000000e+00
   8.75000000e-01   4.16666667e-01   5.45454545e-01   6.94444444e-03
   8.75000000e-01   5.00000000e-01   5.45454545e-01   6.94444444e-03
   6.25000000e-01   5.00000000e-01   5.45454545e-01   6.94444444e-03
   6.25000000e-01   3.33333333e-01   5.45454545e-01   8.26446281e-03
   6.25000000e-01   4.16666667e-01   4.54545455e-01   8.26446281e-03
   6.25000000e-01   4.16666667e-01   6.36363636e-01   1.52089073e-02
   6.25000000e-01   5.00000000e-01   4.54545455e-01]
Predicted output state:
[  2.53095245e-03   1.84768367e-09   9.99774056e-05   1.97283057e-09
   1.12904419e-09   5.50629795e-01   5.43177307e-01   1.58483282e-09
   8.52072597e-01   5.50629914e-01   5.43177366e-01   1.40581496e-17
   7.56093144e-01   4.83370394e-01   5.59557259e-01   6.79256697e-22
   1.99005902e-01   4.62564200e-01   5.53439021e-01   1.27413128e-21
   8.16891074e-01   4.72212881e-01   5.25708020e-01   1.24372499e-19
   6.52018905e-01   5.02158046e-01   5.10876298e-01   2.65521771e-18
   6.55264378e-01   4.23582613e-01   5.08078516e-01   1.84313480e-18
   6.43647313e-01   3.82235199e-01   4.93303657e-01   8.17548321e-21
   6.42037868e-01   4.42019552e-01   5.35953522e-01   8.26117520e-18
   6.39240265e-01   4.75941598e-01   4.82025683e-01   7.90853073e-18
   6.35298550e-01   4.29239035e-01   4.89093512e-01]
Squared sum of errors between actual and predicted output: 0.22331385701473178

Actual ouput state iteration 13:
[  1.10000000e-03   0.00000000e+00   1.00000000e-04   0.00000000e+00
   0.00000000e+00   3.33333333e-01   5.45454545e-01   0.00000000e+00
   6.25000000e-01   3.33333333e-01   5.45454545e-01   0.00000000e+00
   8.75000000e-01   3.33333333e-01   5.45454545e-01   0.00000000e+00
   1.25000000e-01   3.33333333e-01   5.45454545e-01   6.94444444e-03
   6.25000000e-01   2.50000000e-01   5.45454545e-01   6.94444444e-03
   6.25000000e-01   4.16666667e-01   5.45454545e-01   6.94444444e-03
   8.75000000e-01   4.16666667e-01   5.45454545e-01   6.94444444e-03
   8.75000000e-01   4.16666667e-01   5.45454545e-01   8.26446281e-03
   6.25000000e-01   3.33333333e-01   4.54545455e-01   8.26446281e-03
   6.25000000e-01   3.33333333e-01   6.36363636e-01   1.52089073e-02
   6.25000000e-01   2.50000000e-01   4.54545455e-01]
Predicted output state:
[  1.15812710e-03   4.42779990e-09   9.99522381e-05   4.49438042e-09
   3.11260218e-09   4.30051982e-01   5.93092918e-01   4.29693570e-09
   8.37049782e-01   4.30052131e-01   5.93093097e-01   1.82987569e-04
   1.83654964e-01   4.06604916e-01   5.91869950e-01   9.35215139e-05
   6.19328320e-01   4.14070308e-01   5.58675289e-01   1.39146956e-04
   6.62862122e-01   4.31408465e-01   5.50805211e-01   3.19367944e-04
   6.98902965e-01   4.56358314e-01   5.49788415e-01   4.22623474e-04
   7.48165846e-01   4.11518574e-01   5.77977061e-01   4.89615777e-04
   6.78486645e-01   4.83356237e-01   4.67035323e-01   3.18342616e-04
   6.68277144e-01   4.27973747e-01   5.00547528e-01   8.55964725e-04
   6.55497372e-01   4.13265467e-01   4.72444534e-01   9.28360969e-04
   6.61740601e-01   4.96587008e-01   5.59352160e-01]
Squared sum of errors between actual and predicted output: 0.19072706298688966

Actual ouput state iteration 14:
[  1.10000000e-03   0.00000000e+00   1.00000000e-04   0.00000000e+00
   0.00000000e+00   3.33333333e-01   5.45454545e-01   0.00000000e+00
   6.25000000e-01   3.33333333e-01   5.45454545e-01   0.00000000e+00
   8.75000000e-01   3.33333333e-01   5.45454545e-01   0.00000000e+00
   1.25000000e-01   3.33333333e-01   5.45454545e-01   0.00000000e+00
   8.75000000e-01   3.33333333e-01   5.45454545e-01   6.94444444e-03
   6.25000000e-01   2.50000000e-01   5.45454545e-01   6.94444444e-03
   6.25000000e-01   4.16666667e-01   5.45454545e-01   6.94444444e-03
   8.75000000e-01   4.16666667e-01   5.45454545e-01   8.26446281e-03
   6.25000000e-01   3.33333333e-01   4.54545455e-01   8.26446281e-03
   6.25000000e-01   3.33333333e-01   6.36363636e-01   1.52089073e-02
   6.25000000e-01   2.50000000e-01   4.54545455e-01]
Predicted output state:
[  2.49109557e-03   2.75491585e-09   9.99552867e-05   3.02344483e-09
   1.79629289e-09   3.44948202e-01   4.89128530e-01   2.36910846e-09
   8.60954285e-01   3.44948292e-01   4.89128590e-01   6.58937453e-18
   7.64137626e-01   3.10003400e-01   5.57976902e-01   2.93771826e-22
   2.00417742e-01   3.17976832e-01   5.39386034e-01   5.74433920e-22
   8.21432292e-01   3.26106817e-01   5.17043829e-01   5.94614324e-20
   6.52783930e-01   3.54461432e-01   5.25554538e-01   1.31510519e-18
   6.56580210e-01   3.15190107e-01   5.28938890e-01   9.37939993e-19
   6.42020106e-01   2.96398312e-01   4.48330224e-01   3.87198842e-21
   6.41704798e-01   3.78127396e-01   5.26485801e-01   4.25938872e-18
   6.39166951e-01   3.39137942e-01   4.84282404e-01   4.13155499e-18
   6.33840978e-01   3.16986322e-01   5.35355747e-01]
Squared sum of errors between actual and predicted output: 0.3104011847380167

Actual ouput state iteration 15:
[  1.20000000e-03   0.00000000e+00   1.00000000e-04   0.00000000e+00
   0.00000000e+00   3.33333333e-01   6.36363636e-01   0.00000000e+00
   8.75000000e-01   3.33333333e-01   6.36363636e-01   0.00000000e+00
   6.25000000e-01   3.33333333e-01   6.36363636e-01   0.00000000e+00
   1.25000000e-01   3.33333333e-01   6.36363636e-01   6.94444444e-03
   6.25000000e-01   2.50000000e-01   6.36363636e-01   6.94444444e-03
   6.25000000e-01   4.16666667e-01   6.36363636e-01   8.26446281e-03
   8.75000000e-01   3.33333333e-01   5.45454545e-01   8.26446281e-03
   8.75000000e-01   3.33333333e-01   5.45454545e-01   8.26446281e-03
   6.25000000e-01   3.33333333e-01   5.45454545e-01   1.52089073e-02
   6.25000000e-01   2.50000000e-01   5.45454545e-01   1.52089073e-02
   6.25000000e-01   4.16666667e-01   5.45454545e-01]
Predicted output state:
[  2.49817944e-03   2.87541591e-09   9.99547192e-05   3.16947379e-09
   1.87175786e-09   3.36478174e-01   5.01956165e-01   2.46383070e-09
   8.61542881e-01   3.36478144e-01   5.01956165e-01   5.53960912e-18
   7.66750634e-01   3.01170081e-01   5.70068002e-01   2.35116749e-22
   1.99185938e-01   3.09543014e-01   5.49912274e-01   4.60766713e-22
   8.22368741e-01   3.18038970e-01   5.26780844e-01   4.86759957e-20
   6.52508318e-01   3.48764837e-01   5.35321653e-01   1.09100935e-18
   6.56247258e-01   3.07937920e-01   5.39180994e-01   7.78555989e-19
   6.41745210e-01   2.89949685e-01   4.51444775e-01   3.12593391e-21
   6.41493499e-01   3.72803658e-01   5.32931745e-01   3.54783224e-18
   6.39038980e-01   3.33187550e-01   4.90249485e-01   3.43947716e-18
   6.33561909e-01   3.13629180e-01   5.43910086e-01]
Squared sum of errors between actual and predicted output: 0.22745459812460325

Actual ouput state iteration 16:
[  1.30000000e-03   0.00000000e+00   1.00000000e-04   0.00000000e+00
   0.00000000e+00   2.50000000e-01   6.36363636e-01   0.00000000e+00
   1.25000000e-01   2.50000000e-01   6.36363636e-01   0.00000000e+00
   8.75000000e-01   2.50000000e-01   6.36363636e-01   0.00000000e+00
   6.25000000e-01   2.50000000e-01   6.36363636e-01   6.94444444e-03
   8.75000000e-01   3.33333333e-01   6.36363636e-01   6.94444444e-03
   6.25000000e-01   3.33333333e-01   6.36363636e-01   8.26446281e-03
   6.25000000e-01   2.50000000e-01   5.45454545e-01   1.52089073e-02
   6.25000000e-01   3.33333333e-01   5.45454545e-01   1.52089073e-02
   8.75000000e-01   3.33333333e-01   5.45454545e-01   2.77777778e-02
   6.25000000e-01   4.16666667e-01   6.36363636e-01   3.30578512e-02
   6.25000000e-01   2.50000000e-01   4.54545455e-01]
Predicted output state:
[  2.43323133e-03   3.45856388e-09   9.99560580e-05   3.85581300e-09
   2.22638241e-09   3.09046477e-01   5.66756010e-01   2.93631475e-09
   8.61782134e-01   3.09046388e-01   5.66755950e-01   1.57392751e-17
   7.50501335e-01   2.79228747e-01   6.17649257e-01   9.07120470e-22
   2.09972918e-01   2.87474275e-01   5.92554986e-01   1.76162934e-21
   8.18942666e-01   2.98864871e-01   5.67162514e-01   1.63620577e-19
   6.53772056e-01   3.40367079e-01   5.72707295e-01   3.31606409e-18
   6.59899890e-01   2.90059090e-01   5.78347743e-01   2.42859359e-18
   6.42707288e-01   2.76906550e-01   4.69134539e-01   1.14870475e-20
   6.42092288e-01   3.55166107e-01   5.58147669e-01   1.06462736e-17
   6.39362156e-01   3.23368222e-01   5.11838377e-01   1.03284493e-17
   6.34050906e-01   3.18154335e-01   5.73054731e-01]
Squared sum of errors between actual and predicted output: 0.22796187530923484

Actual ouput state iteration 17:
[  1.30000000e-03   0.00000000e+00   1.00000000e-04   0.00000000e+00
   0.00000000e+00   1.66666667e-01   6.36363636e-01   0.00000000e+00
   1.25000000e-01   1.66666667e-01   6.36363636e-01   6.94444444e-03
   8.75000000e-01   2.50000000e-01   6.36363636e-01   6.94444444e-03
   6.25000000e-01   2.50000000e-01   6.36363636e-01   1.52089073e-02
   6.25000000e-01   2.50000000e-01   5.45454545e-01   2.77777778e-02
   6.25000000e-01   3.33333333e-01   6.36363636e-01   2.77777778e-02
   8.75000000e-01   3.33333333e-01   6.36363636e-01   3.60422406e-02
   6.25000000e-01   3.33333333e-01   5.45454545e-01   4.00022957e-02
   6.25000000e-01   2.50000000e-01   4.54545455e-01   6.08356290e-02
   6.25000000e-01   3.33333333e-01   4.54545455e-01   6.25000000e-02
   6.25000000e-01   4.16666667e-01   6.36363636e-01]
Predicted output state:
[  2.58011371e-03   2.21050751e-08   9.99720578e-05   2.78065819e-08
   1.85184792e-08   2.49327034e-01   6.27757013e-01   2.03510648e-08
   1.38731197e-01   2.49327123e-01   6.27757072e-01   1.30618559e-02
   6.45750463e-01   2.78976828e-01   6.09812260e-01   1.84130669e-02
   6.35516107e-01   2.84068882e-01   5.64839661e-01   2.10409611e-02
   6.43608093e-01   3.45386684e-01   5.94351590e-01   3.30448449e-02
   6.27333879e-01   3.26759100e-01   5.72780967e-01   3.78317013e-02
   6.31209314e-01   2.81934679e-01   5.37377596e-01   4.32373099e-02
   6.23372614e-01   3.88310134e-01   5.56602955e-01   4.73969728e-02
   6.23356283e-01   4.40531701e-01   5.19296765e-01   5.57235740e-02
   6.24274731e-01   2.85874158e-01   5.34253478e-01   6.43720552e-02
   6.24240518e-01   2.66426384e-01   5.24986386e-01]
Squared sum of errors between actual and predicted output: 0.23875643500791469

Actual ouput state iteration 18:
[  1.30000000e-03   0.00000000e+00   1.00000000e-04   0.00000000e+00
   0.00000000e+00   1.66666667e-01   5.45454545e-01   0.00000000e+00
   1.25000000e-01   1.66666667e-01   5.45454545e-01   6.94444444e-03
   6.25000000e-01   2.50000000e-01   5.45454545e-01   1.52089073e-02
   6.25000000e-01   2.50000000e-01   4.54545455e-01   1.52089073e-02
   6.25000000e-01   2.50000000e-01   6.36363636e-01   1.52089073e-02
   8.75000000e-01   2.50000000e-01   6.36363636e-01   2.77777778e-02
   6.25000000e-01   3.33333333e-01   5.45454545e-01   3.60422406e-02
   6.25000000e-01   3.33333333e-01   4.54545455e-01   3.60422406e-02
   6.25000000e-01   3.33333333e-01   6.36363636e-01   4.00022957e-02
   6.25000000e-01   2.50000000e-01   3.63636364e-01   6.08356290e-02
   6.25000000e-01   3.33333333e-01   3.63636364e-01]
Predicted output state:
[  2.58154492e-03   7.54193241e-09   9.99828335e-05   9.23345045e-09
   5.52011148e-09   1.99079931e-01   6.55802429e-01   7.63798358e-09
   1.32773250e-01   1.99079916e-01   6.55802488e-01   1.38712768e-02
   6.40999854e-01   2.44107768e-01   6.24396086e-01   1.77231040e-02
   6.30763412e-01   2.54044622e-01   5.94510257e-01   2.12903712e-02
   6.37007594e-01   2.91815460e-01   5.84389329e-01   3.17260213e-02
   6.29867315e-01   3.36657047e-01   5.67821085e-01   3.47512625e-02
   6.27210438e-01   2.94645160e-01   6.16489649e-01   4.43320461e-02
   6.24834359e-01   3.32060933e-01   4.92475629e-01   4.46093753e-02
   6.26725197e-01   3.37398380e-01   5.66410780e-01   5.15126474e-02
   6.26063347e-01   3.05424988e-01   4.37336683e-01   5.84295765e-02
   6.24549210e-01   4.14385259e-01   6.05170310e-01]
Squared sum of errors between actual and predicted output: 0.15656429003413352

Actual ouput state iteration 19:
[  1.30000000e-03   0.00000000e+00   1.00000000e-04   0.00000000e+00
   0.00000000e+00   8.33333333e-02   5.45454545e-01   0.00000000e+00
   1.25000000e-01   8.33333333e-02   5.45454545e-01   2.77777778e-02
   6.25000000e-01   2.50000000e-01   5.45454545e-01   3.60422406e-02
   6.25000000e-01   2.50000000e-01   4.54545455e-01   3.60422406e-02
   6.25000000e-01   2.50000000e-01   6.36363636e-01   6.08356290e-02
   6.25000000e-01   2.50000000e-01   3.63636364e-01   6.25000000e-02
   6.25000000e-01   3.33333333e-01   5.45454545e-01   7.07644628e-02
   6.25000000e-01   3.33333333e-01   4.54545455e-01   7.07644628e-02
   6.25000000e-01   3.33333333e-01   6.36363636e-01   9.55578512e-02
   6.25000000e-01   3.33333333e-01   3.63636364e-01   1.02157943e-01
   6.25000000e-01   2.50000000e-01   2.72727273e-01]
Predicted output state:
[  2.63289083e-03   1.00541406e-08   1.00020217e-04   1.23595880e-08
   7.74277265e-09   1.36960119e-01   5.84759951e-01   1.01639470e-08
   1.32069632e-01   1.36960089e-01   5.84760070e-01   1.90824121e-02
   6.36833251e-01   2.29632139e-01   5.28165996e-01   2.62007341e-02
   6.29384637e-01   2.38217920e-01   5.04778624e-01   3.08164768e-02
   6.35443628e-01   2.90867299e-01   5.24669826e-01   4.51761447e-02
   6.27923965e-01   3.16289485e-01   4.99675184e-01   4.95661385e-02
   6.26467824e-01   2.94975579e-01   5.03173709e-01   6.03463203e-02
   6.23836637e-01   3.24593961e-01   4.97993082e-01   6.38277903e-02
   6.25524044e-01   3.46294165e-01   5.06469488e-01   7.23567978e-02
   6.24804080e-01   2.96365738e-01   4.34460640e-01   8.09369087e-02
   6.24565244e-01   3.97383481e-01   4.85412687e-01]
Squared sum of errors between actual and predicted output: 0.15988445804522253

Actual ouput state iteration 20:
[  1.30000000e-03   0.00000000e+00   1.00000000e-04   0.00000000e+00
   0.00000000e+00   8.33333333e-02   4.54545455e-01   0.00000000e+00
   1.25000000e-01   8.33333333e-02   4.54545455e-01   2.77777778e-02
   6.25000000e-01   2.50000000e-01   4.54545455e-01   3.60422406e-02
   6.25000000e-01   2.50000000e-01   5.45454545e-01   3.60422406e-02
   6.25000000e-01   2.50000000e-01   3.63636364e-01   6.08356290e-02
   6.25000000e-01   2.50000000e-01   6.36363636e-01   6.08356290e-02
   6.25000000e-01   2.50000000e-01   2.72727273e-01   6.25000000e-02
   6.25000000e-01   3.33333333e-01   4.54545455e-01   7.07644628e-02
   6.25000000e-01   3.33333333e-01   5.45454545e-01   7.07644628e-02
   6.25000000e-01   3.33333333e-01   3.63636364e-01   9.55578512e-02
   6.25000000e-01   3.33333333e-01   6.36363636e-01]
Predicted output state:
[  2.69599538e-03   6.04875254e-07   9.99554759e-05   7.99306747e-07
   4.31481766e-07   8.07262957e-03   5.54258764e-01   3.45803898e-07
   1.23064108e-01   8.07254203e-03   5.54258764e-01   3.86339650e-02
   6.30932450e-01   2.51096219e-01   6.00115120e-01   4.41341810e-02
   6.23586118e-01   2.52686590e-01   6.43915594e-01   4.81985509e-02
   6.21303976e-01   2.54726529e-01   5.13298810e-01   6.54384792e-02
   6.26752913e-01   2.33895734e-01   4.64628130e-01   7.59397000e-02
   6.27475560e-01   3.10275465e-01   5.62135398e-01   8.89701620e-02
   6.27316952e-01   3.40467125e-01   6.08297706e-01   8.77954438e-02
   6.24578178e-01   3.09755176e-01   4.68497127e-01   9.87940729e-02
   6.24962926e-01   3.11042368e-01   4.14438933e-01   1.06754914e-01
   6.26224518e-01   2.79813737e-01   3.67750496e-01]
Squared sum of errors between actual and predicted output: 0.14345715764392047

Actual ouput state iteration 21:
[  1.30000000e-03   0.00000000e+00   1.00000000e-04   0.00000000e+00
   0.00000000e+00   8.33333333e-02   3.63636364e-01   0.00000000e+00
   1.25000000e-01   8.33333333e-02   3.63636364e-01   2.77777778e-02
   6.25000000e-01   2.50000000e-01   3.63636364e-01   3.60422406e-02
   6.25000000e-01   2.50000000e-01   4.54545455e-01   3.60422406e-02
   6.25000000e-01   2.50000000e-01   2.72727273e-01   6.08356290e-02
   6.25000000e-01   2.50000000e-01   5.45454545e-01   6.25000000e-02
   6.25000000e-01   3.33333333e-01   3.63636364e-01   7.07644628e-02
   6.25000000e-01   3.33333333e-01   4.54545455e-01   7.07644628e-02
   6.25000000e-01   3.33333333e-01   2.72727273e-01   9.55578512e-02
   6.25000000e-01   3.33333333e-01   5.45454545e-01   1.02157943e-01
   6.25000000e-01   2.50000000e-01   6.36363636e-01]
Predicted output state:
[  2.64715240e-03   2.13670518e-07   9.99392723e-05   2.69196789e-07
   1.38496929e-07   7.08063766e-02   3.22757214e-01   1.65686430e-07
   1.24117360e-01   7.08063543e-02   3.22757244e-01   4.70297262e-02
   6.36080801e-01   2.10901231e-01   4.00320619e-01   5.80065995e-02
   6.22140765e-01   2.74510533e-01   4.31602985e-01   6.34645596e-02
   6.21923566e-01   2.34669715e-01   3.88717383e-01   8.74806345e-02
   6.31989121e-01   3.06430697e-01   5.57697952e-01   8.92956108e-02
   6.27660275e-01   2.65590876e-01   2.85374999e-01   1.06309652e-01
   6.30191088e-01   3.27785760e-01   4.17691082e-01   1.13854870e-01
   6.26194417e-01   3.50778013e-01   4.35456634e-01   1.19797826e-01
   6.25813484e-01   3.81248295e-01   3.39346886e-01   1.30439058e-01
   6.28154159e-01   2.45536983e-01   6.73214257e-01]
Squared sum of errors between actual and predicted output: 0.10022675602819266

Actual ouput state iteration 22:
[  1.30000000e-03   0.00000000e+00   1.00000000e-04   0.00000000e+00
   0.00000000e+00   1.66666667e-01   3.63636364e-01   0.00000000e+00
   1.25000000e-01   1.66666667e-01   3.63636364e-01   6.94444444e-03
   6.25000000e-01   2.50000000e-01   3.63636364e-01   1.52089073e-02
   6.25000000e-01   2.50000000e-01   4.54545455e-01   1.52089073e-02
   6.25000000e-01   2.50000000e-01   2.72727273e-01   2.77777778e-02
   6.25000000e-01   3.33333333e-01   3.63636364e-01   3.60422406e-02
   6.25000000e-01   3.33333333e-01   4.54545455e-01   3.60422406e-02
   6.25000000e-01   3.33333333e-01   2.72727273e-01   4.00022957e-02
   6.25000000e-01   2.50000000e-01   5.45454545e-01   6.08356290e-02
   6.25000000e-01   3.33333333e-01   5.45454545e-01   6.25000000e-02
   6.25000000e-01   4.16666667e-01   3.63636364e-01]
Predicted output state:
[  2.71377480e-03   1.37125067e-08   1.00013829e-04   1.66881424e-08
   1.08847908e-08   5.75381145e-02   4.50052500e-01   1.45966919e-08
   1.26223728e-01   5.75381145e-02   4.50052500e-01   4.25318703e-02
   6.27228856e-01   2.01997295e-01   3.70791495e-01   6.16731346e-02
   6.22686684e-01   2.06404597e-01   3.67721677e-01   7.04670995e-02
   6.26766980e-01   2.89217055e-01   4.14089262e-01   9.55566168e-02
   6.26358569e-01   3.09326023e-01   3.75765443e-01   1.02119312e-01
   6.23544037e-01   2.63453692e-01   3.45265627e-01   1.17522150e-01
   6.23360276e-01   3.38453561e-01   4.77602631e-01   1.31695673e-01
   6.25265419e-01   3.10320407e-01   4.43045288e-01   1.41671345e-01
   6.24378204e-01   3.47860754e-01   3.60040039e-01   1.53720096e-01
   6.25337481e-01   3.56858641e-01   3.46079856e-01]
Squared sum of errors between actual and predicted output: 0.2630282721784813

Actual ouput state iteration 23:
[  1.30000000e-03   0.00000000e+00   1.00000000e-04   0.00000000e+00
   0.00000000e+00   1.66666667e-01   2.72727273e-01   0.00000000e+00
   1.25000000e-01   1.66666667e-01   2.72727273e-01   6.94444444e-03
   6.25000000e-01   2.50000000e-01   2.72727273e-01   1.52089073e-02
   6.25000000e-01   2.50000000e-01   3.63636364e-01   2.77777778e-02
   6.25000000e-01   3.33333333e-01   2.72727273e-01   3.60422406e-02
   6.25000000e-01   3.33333333e-01   3.63636364e-01   4.00022957e-02
   6.25000000e-01   2.50000000e-01   4.54545455e-01   6.08356290e-02
   6.25000000e-01   3.33333333e-01   4.54545455e-01   6.25000000e-02
   6.25000000e-01   4.16666667e-01   2.72727273e-01   7.07644628e-02
   6.25000000e-01   4.16666667e-01   3.63636364e-01   8.13246097e-02
   6.25000000e-01   2.50000000e-01   5.45454545e-01]
Predicted output state:
[  2.59382022e-03   5.41060707e-09   9.99639597e-05   6.32554453e-09
   4.42159731e-09   1.37629718e-01   3.41388077e-01   5.94964789e-09
   1.31452754e-01   1.37629747e-01   3.41388077e-01   1.45205203e-02
   6.38162792e-01   2.23636031e-01   3.79280090e-01   1.94579940e-02
   6.27991855e-01   2.40800440e-01   3.65772516e-01   2.38857996e-02
   6.31657541e-01   2.88564742e-01   3.87054235e-01   3.49316485e-02
   6.31065845e-01   2.95872182e-01   3.83225828e-01   3.87664624e-02
   6.25629783e-01   2.94904739e-01   4.22999531e-01   4.83893007e-02
   6.24815047e-01   3.53494853e-01   3.88470471e-01   4.97406796e-02
   6.27815008e-01   3.36685807e-01   4.35402185e-01   5.74805923e-02
   6.26654685e-01   3.02550495e-01   3.24446142e-01   6.53053746e-02
   6.25674367e-01   3.62229437e-01   4.48563129e-01]
Squared sum of errors between actual and predicted output: 0.12458932234635996

Actual ouput state iteration 24:
[  1.40000000e-03   0.00000000e+00   1.00000000e-04   0.00000000e+00
   0.00000000e+00   2.50000000e-01   2.72727273e-01   0.00000000e+00
   6.25000000e-01   2.50000000e-01   2.72727273e-01   0.00000000e+00
   8.75000000e-01   2.50000000e-01   2.72727273e-01   0.00000000e+00
   1.25000000e-01   2.50000000e-01   2.72727273e-01   6.94444444e-03
   6.25000000e-01   3.33333333e-01   2.72727273e-01   8.26446281e-03
   6.25000000e-01   2.50000000e-01   3.63636364e-01   1.52089073e-02
   6.25000000e-01   3.33333333e-01   3.63636364e-01   2.77777778e-02
   6.25000000e-01   4.16666667e-01   2.72727273e-01   3.30578512e-02
   6.25000000e-01   2.50000000e-01   4.54545455e-01   3.60422406e-02
   6.25000000e-01   4.16666667e-01   3.63636364e-01   4.00022957e-02
   6.25000000e-01   3.33333333e-01   4.54545455e-01]
Predicted output state:
[  2.57322402e-03   5.58790880e-09   9.99539552e-05   6.55100774e-09
   5.08412334e-09   2.08023220e-01   2.45425433e-01   6.23715213e-09
   1.35282755e-01   2.08023325e-01   2.45425493e-01   1.03040058e-02
   6.42986536e-01   2.54549801e-01   3.44579965e-01   1.42274741e-02
   6.31370604e-01   2.66151279e-01   3.21888357e-01   1.73341110e-02
   6.36040151e-01   3.26051742e-01   3.64784002e-01   2.66088117e-02
   6.30879343e-01   3.00681233e-01   3.61458689e-01   3.05033326e-02
   6.27866209e-01   3.04231018e-01   3.79096091e-01   3.69529501e-02
   6.24494970e-01   3.87357354e-01   3.86719048e-01   3.85579094e-02
   6.26854300e-01   3.88661832e-01   3.93409163e-01   4.58521917e-02
   6.26195073e-01   2.97855288e-01   3.46657336e-01   5.31013720e-02
   6.25605702e-01   3.26168299e-01   3.87352169e-01]
Squared sum of errors between actual and predicted output: 0.10190349794397627

Actual ouput state iteration 25:
[  1.50000000e-03   0.00000000e+00   1.00000000e-04   0.00000000e+00
   0.00000000e+00   3.33333333e-01   2.72727273e-01   0.00000000e+00
   1.25000000e-01   3.33333333e-01   2.72727273e-01   0.00000000e+00
   8.75000000e-01   3.33333333e-01   2.72727273e-01   0.00000000e+00
   6.25000000e-01   3.33333333e-01   2.72727273e-01   6.94444444e-03
   6.25000000e-01   2.50000000e-01   2.72727273e-01   6.94444444e-03
   8.75000000e-01   2.50000000e-01   2.72727273e-01   6.94444444e-03
   6.25000000e-01   4.16666667e-01   2.72727273e-01   8.26446281e-03
   6.25000000e-01   3.33333333e-01   3.63636364e-01   1.52089073e-02
   6.25000000e-01   2.50000000e-01   3.63636364e-01   1.52089073e-02
   6.25000000e-01   4.16666667e-01   3.63636364e-01   2.77777778e-02
   6.25000000e-01   5.00000000e-01   2.72727273e-01]
Predicted output state:
[  2.35473458e-03   1.87686644e-09   9.99475669e-05   1.94856753e-09
   1.34995448e-09   2.75359184e-01   2.13690177e-01   1.73407044e-09
   8.58546674e-01   2.75359243e-01   2.13690251e-01   5.66689328e-17
   7.26511836e-01   3.03236127e-01   3.11289966e-01   5.22749107e-21
   2.21448734e-01   3.30430061e-01   3.14139992e-01   1.02813792e-20
   8.09119821e-01   3.30084592e-01   3.15657437e-01   8.03984297e-19
   6.57989681e-01   3.09702069e-01   3.44289094e-01   1.48556162e-17
   6.62418604e-01   3.45678270e-01   3.41853738e-01   1.06960583e-17
   6.44892812e-01   3.29208314e-01   3.40550154e-01   6.49889958e-20
   6.45017862e-01   4.07400519e-01   3.86633933e-01   4.67153460e-17
   6.41218364e-01   3.15059125e-01   3.66590202e-01   4.61703928e-17
   6.37250006e-01   2.70883679e-01   4.06401873e-01]
Squared sum of errors between actual and predicted output: 0.21397323660016904

Actual ouput state iteration 26:
[  1.50000000e-03   0.00000000e+00   1.00000000e-04   0.00000000e+00
   0.00000000e+00   3.33333333e-01   1.81818182e-01   0.00000000e+00
   1.25000000e-01   3.33333333e-01   1.81818182e-01   8.26446281e-03
   6.25000000e-01   3.33333333e-01   2.72727273e-01   8.26446281e-03
   8.75000000e-01   3.33333333e-01   2.72727273e-01   1.52089073e-02
   8.75000000e-01   2.50000000e-01   2.72727273e-01   1.52089073e-02
   6.25000000e-01   2.50000000e-01   2.72727273e-01   1.52089073e-02
   6.25000000e-01   4.16666667e-01   2.72727273e-01   3.30578512e-02
   6.25000000e-01   3.33333333e-01   3.63636364e-01   3.60422406e-02
   6.25000000e-01   5.00000000e-01   2.72727273e-01   4.00022957e-02
   6.25000000e-01   2.50000000e-01   3.63636364e-01   4.00022957e-02
   6.25000000e-01   4.16666667e-01   3.63636364e-01]
Predicted output state:
[  2.58732447e-03   4.03376532e-09   1.00032717e-04   4.57272087e-09
   3.84829679e-09   3.22797149e-01   1.65799066e-01   4.59539207e-09
   1.34602860e-01   3.22797298e-01   1.65799022e-01   1.02439011e-02
   6.41108871e-01   3.23377937e-01   2.72040218e-01   1.45001113e-02
   6.31358624e-01   3.59392047e-01   2.62421548e-01   1.77508686e-02
   6.35592639e-01   3.60597134e-01   2.95916617e-01   2.71702148e-02
   6.30622447e-01   3.06488693e-01   3.18183303e-01   3.16029452e-02
   6.26821101e-01   4.30346519e-01   3.31154853e-01   3.80711108e-02
   6.24229550e-01   3.97411913e-01   3.40808928e-01   3.98001745e-02
   6.26917720e-01   4.72949654e-01   3.29521060e-01   4.72783558e-02
   6.25987709e-01   2.50379682e-01   3.45064938e-01   5.45455813e-02
   6.25712752e-01   3.77063811e-01   3.70684355e-01]
Squared sum of errors between actual and predicted output: 0.2731722653892117

Actual ouput state iteration 27:
[  1.50000000e-03   0.00000000e+00   1.00000000e-04   0.00000000e+00
   0.00000000e+00   4.16666667e-01   1.81818182e-01   0.00000000e+00
   1.25000000e-01   4.16666667e-01   1.81818182e-01   8.26446281e-03
   6.25000000e-01   4.16666667e-01   2.72727273e-01   1.52089073e-02
   6.25000000e-01   5.00000000e-01   2.72727273e-01   1.52089073e-02
   8.75000000e-01   3.33333333e-01   2.72727273e-01   1.52089073e-02
   6.25000000e-01   3.33333333e-01   2.72727273e-01   3.30578512e-02
   6.25000000e-01   4.16666667e-01   3.63636364e-01   3.60422406e-02
   6.25000000e-01   5.83333333e-01   2.72727273e-01   3.60422406e-02
   6.25000000e-01   2.50000000e-01   2.72727273e-01   4.00022957e-02
   6.25000000e-01   5.00000000e-01   3.63636364e-01   4.00022957e-02
   6.25000000e-01   3.33333333e-01   3.63636364e-01]
Predicted output state:
[  2.59298133e-03   4.53352866e-09   1.00054465e-04   5.13871923e-09
   4.42751258e-09   3.08232099e-01   1.53371036e-01   5.16466958e-09
   1.35454878e-01   3.08232218e-01   1.53371006e-01   1.06327590e-02
   6.40275776e-01   3.11908156e-01   2.59626746e-01   1.52620897e-02
   6.31940007e-01   3.57115746e-01   2.51045167e-01   1.87067371e-02
   6.36092424e-01   3.44906628e-01   2.84945935e-01   2.85049863e-02
   6.30184054e-01   2.87347496e-01   3.13837707e-01   3.31972577e-02
   6.26766264e-01   4.41461354e-01   3.20719838e-01   3.98798101e-02
   6.23692214e-01   3.82936865e-01   3.31850559e-01   4.18920964e-02
   6.26572251e-01   4.81022120e-01   3.15762997e-01   4.96601090e-02
   6.25673711e-01   2.23642081e-01   3.52460444e-01   5.70742302e-02
   6.25395715e-01   3.69716614e-01   3.68481368e-01]
Squared sum of errors between actual and predicted output: 0.14600131859717913

Actual ouput state iteration 28:
[  1.50000000e-03   0.00000000e+00   1.00000000e-04   0.00000000e+00
   0.00000000e+00   5.00000000e-01   1.81818182e-01   0.00000000e+00
   1.25000000e-01   5.00000000e-01   1.81818182e-01   8.26446281e-03
   6.25000000e-01   5.00000000e-01   2.72727273e-01   1.52089073e-02
   6.25000000e-01   4.16666667e-01   2.72727273e-01   1.52089073e-02
   6.25000000e-01   5.83333333e-01   2.72727273e-01   3.30578512e-02
   6.25000000e-01   5.00000000e-01   3.63636364e-01   3.60422406e-02
   6.25000000e-01   6.66666667e-01   2.72727273e-01   3.60422406e-02
   6.25000000e-01   3.33333333e-01   2.72727273e-01   4.00022957e-02
   6.25000000e-01   4.16666667e-01   3.63636364e-01   4.00022957e-02
   6.25000000e-01   5.83333333e-01   3.63636364e-01   6.08356290e-02
   6.25000000e-01   6.66666667e-01   3.63636364e-01]
Predicted output state:
[  2.62503652e-03   2.24304819e-09   1.00096164e-04   2.46593235e-09
   2.04711958e-09   4.68101382e-01   1.51735112e-01   2.63665778e-09
   1.28985286e-01   4.68101442e-01   1.51735097e-01   1.30631225e-02
   6.36788666e-01   4.36392993e-01   2.42601648e-01   1.83741096e-02
   6.27564013e-01   4.75947082e-01   2.46955499e-01   2.22888812e-02
   6.31436467e-01   4.33717251e-01   2.66371518e-01   3.33043858e-02
   6.30389690e-01   3.76297116e-01   2.93110192e-01   3.84142064e-02
   6.24353409e-01   5.62724471e-01   3.13401252e-01   4.64602076e-02
   6.25111938e-01   4.25946265e-01   3.27853113e-01   4.84165885e-02
   6.27683282e-01   5.26225626e-01   3.11322689e-01   5.62380143e-02
   6.26156986e-01   2.80339181e-01   3.28845173e-01   6.40149564e-02
   6.26435876e-01   5.03997684e-01   3.60899776e-01]
Squared sum of errors between actual and predicted output: 0.2911375873385689

Actual ouput state iteration 29:
[  1.50000000e-03   0.00000000e+00   1.00000000e-04   0.00000000e+00
   0.00000000e+00   5.83333333e-01   1.81818182e-01   0.00000000e+00
   1.25000000e-01   5.83333333e-01   1.81818182e-01   8.26446281e-03
   6.25000000e-01   5.83333333e-01   2.72727273e-01   1.52089073e-02
   6.25000000e-01   6.66666667e-01   2.72727273e-01   1.52089073e-02
   6.25000000e-01   5.00000000e-01   2.72727273e-01   3.30578512e-02
   6.25000000e-01   5.83333333e-01   3.63636364e-01   3.60422406e-02
   6.25000000e-01   4.16666667e-01   2.72727273e-01   4.00022957e-02
   6.25000000e-01   6.66666667e-01   3.63636364e-01   4.00022957e-02
   6.25000000e-01   5.00000000e-01   3.63636364e-01   6.08356290e-02
   6.25000000e-01   4.16666667e-01   3.63636364e-01   7.07644628e-02
   6.25000000e-01   3.33333333e-01   2.72727273e-01]
Predicted output state:
[  2.67374841e-03   1.27094490e-09   1.00119745e-04   1.36997413e-09
   1.10302034e-09   5.67358315e-01   1.43675506e-01   1.58708346e-09
   1.22346990e-01   5.67358553e-01   1.43675476e-01   1.89274028e-02
   6.31619513e-01   5.33681750e-01   2.25692272e-01   2.61007082e-02
   6.22272789e-01   5.51549554e-01   2.39650309e-01   3.11705600e-02
   6.25851214e-01   5.10949492e-01   2.53797323e-01   4.49426733e-02
   6.29983604e-01   4.72795874e-01   2.68059909e-01   5.06641567e-02
   6.21703923e-01   6.33596539e-01   2.98922390e-01   6.16825968e-02
   6.26267314e-01   4.61393684e-01   3.29880387e-01   6.41446337e-02
   6.28494442e-01   5.30119240e-01   3.15063417e-01   7.22528473e-02
   6.26407504e-01   3.70040238e-01   2.98091263e-01   8.07296187e-02
   6.27187550e-01   6.35009527e-01   3.27506930e-01]
Squared sum of errors between actual and predicted output: 0.14250012924387528

Actual ouput state iteration 30:
[  1.60000000e-03   0.00000000e+00   1.00000000e-04   0.00000000e+00
   0.00000000e+00   5.83333333e-01   2.72727273e-01   0.00000000e+00
   8.75000000e-01   5.83333333e-01   2.72727273e-01   0.00000000e+00
   1.25000000e-01   5.83333333e-01   2.72727273e-01   0.00000000e+00
   6.25000000e-01   5.83333333e-01   2.72727273e-01   6.94444444e-03
   6.25000000e-01   6.66666667e-01   2.72727273e-01   6.94444444e-03
   6.25000000e-01   5.00000000e-01   2.72727273e-01   8.26446281e-03
   6.25000000e-01   5.83333333e-01   3.63636364e-01   1.52089073e-02
   6.25000000e-01   6.66666667e-01   3.63636364e-01   1.52089073e-02
   6.25000000e-01   5.00000000e-01   3.63636364e-01   2.77777778e-02
   6.25000000e-01   4.16666667e-01   2.72727273e-01   3.30578512e-02
   6.25000000e-01   5.83333333e-01   4.54545455e-01]
Predicted output state:
[  2.61115329e-03   1.14552112e-09   1.00005149e-04   1.22312094e-09
   9.02106778e-10   5.97270429e-01   2.11286664e-01   1.35429246e-09
   1.21407561e-01   5.97270668e-01   2.11286545e-01   1.53215695e-02
   6.36731148e-01   5.51557183e-01   2.83365518e-01   1.98573414e-02
   6.21567309e-01   5.60066819e-01   2.97285318e-01   2.39350218e-02
   6.24533236e-01   5.40300429e-01   2.91044176e-01   3.49923000e-02
   6.32839978e-01   5.07395446e-01   2.99316347e-01   3.95309776e-02
   6.22657895e-01   5.75334072e-01   3.66752326e-01   4.84634042e-02
   6.28043711e-01   5.26313543e-01   3.43756169e-01   4.94501218e-02
   6.30153656e-01   5.16052365e-01   3.77322614e-01   5.65604493e-02
   6.28440440e-01   4.45191413e-01   2.69666135e-01   6.47801086e-02
   6.28403544e-01   5.50414979e-01   4.22394931e-01]
Squared sum of errors between actual and predicted output: 0.16147060096215665

Actual ouput state iteration 31:
[  1.70000000e-03   0.00000000e+00   1.00000000e-04   0.00000000e+00
   0.00000000e+00   6.66666667e-01   2.72727273e-01   0.00000000e+00
   8.75000000e-01   6.66666667e-01   2.72727273e-01   0.00000000e+00
   1.25000000e-01   6.66666667e-01   2.72727273e-01   0.00000000e+00
   6.25000000e-01   6.66666667e-01   2.72727273e-01   6.94444444e-03
   6.25000000e-01   5.83333333e-01   2.72727273e-01   6.94444444e-03
   8.75000000e-01   5.83333333e-01   2.72727273e-01   8.26446281e-03
   6.25000000e-01   6.66666667e-01   3.63636364e-01   1.52089073e-02
   6.25000000e-01   5.83333333e-01   3.63636364e-01   2.77777778e-02
   6.25000000e-01   5.00000000e-01   2.72727273e-01   3.30578512e-02
   6.25000000e-01   6.66666667e-01   4.54545455e-01   3.60422406e-02
   6.25000000e-01   5.00000000e-01   3.63636364e-01]
Predicted output state:
[  1.16521807e-03   1.67506686e-09   9.99543408e-05   1.55088065e-09
   1.26093158e-09   5.54499209e-01   2.42987648e-01   1.76599013e-09
   8.27008307e-01   5.54499388e-01   2.42987752e-01   3.40389437e-04
   1.75798506e-01   5.71132720e-01   2.79300362e-01   2.07131641e-04
   6.17152810e-01   5.77727556e-01   2.83942789e-01   3.06337402e-04
   6.50423467e-01   5.81163704e-01   2.97381461e-01   6.57179044e-04
   7.00840831e-01   5.30514657e-01   3.05774540e-01   8.62254819e-04
   7.46405423e-01   5.58874607e-01   3.19724292e-01   9.43643972e-04
   6.80445850e-01   6.13788903e-01   3.62388253e-01   6.85425708e-04
   6.70456171e-01   5.34789503e-01   3.34894896e-01   1.69146166e-03
   6.56883836e-01   5.07439494e-01   3.24026287e-01   1.84805307e-03
   6.64927542e-01   5.15373051e-01   3.55919570e-01]
Squared sum of errors between actual and predicted output: 0.08234200373559342

Actual ouput state iteration 32:
[  1.70000000e-03   0.00000000e+00   1.00000000e-04   0.00000000e+00
   0.00000000e+00   7.50000000e-01   2.72727273e-01   0.00000000e+00
   1.25000000e-01   7.50000000e-01   2.72727273e-01   6.94444444e-03
   6.25000000e-01   6.66666667e-01   2.72727273e-01   6.94444444e-03
   8.75000000e-01   6.66666667e-01   2.72727273e-01   1.52089073e-02
   6.25000000e-01   6.66666667e-01   3.63636364e-01   2.77777778e-02
   6.25000000e-01   5.83333333e-01   2.72727273e-01   2.77777778e-02
   8.75000000e-01   5.83333333e-01   2.72727273e-01   3.60422406e-02
   6.25000000e-01   5.83333333e-01   3.63636364e-01   4.00022957e-02
   6.25000000e-01   6.66666667e-01   4.54545455e-01   6.08356290e-02
   6.25000000e-01   5.83333333e-01   4.54545455e-01   6.25000000e-02
   6.25000000e-01   5.00000000e-01   2.72727273e-01]
Predicted output state:
[  1.22698955e-03   1.36172362e-09   9.99623371e-05   1.25052491e-09
   1.00107178e-09   6.30219638e-01   2.43433014e-01   1.42744161e-09
   8.24884474e-01   6.30219936e-01   2.43433148e-01   7.15859278e-05
   1.97331280e-01   6.31536424e-01   2.69893050e-01   2.57438405e-05
   5.89667022e-01   6.28720880e-01   2.80388772e-01   3.81700629e-05
   6.59196794e-01   6.29851520e-01   2.91678339e-01   1.00444966e-04
   6.97951019e-01   5.78541100e-01   2.93320000e-01   1.53835135e-04
   7.40923107e-01   5.98366022e-01   3.05740267e-01   1.62005628e-04
   6.78893328e-01   6.37220919e-01   3.71801317e-01   8.93899851e-05
   6.69058979e-01   5.58725774e-01   3.36227745e-01   3.06165428e-04
   6.55996859e-01   5.53430915e-01   3.18756998e-01   3.30529700e-04
   6.63806915e-01   5.47634363e-01   3.36812824e-01]
Squared sum of errors between actual and predicted output: 0.12856158304643991

Actual ouput state iteration 33:
[  1.70000000e-03   0.00000000e+00   1.00000000e-04   0.00000000e+00
   0.00000000e+00   7.50000000e-01   3.63636364e-01   0.00000000e+00
   1.25000000e-01   7.50000000e-01   3.63636364e-01   6.94444444e-03
   6.25000000e-01   6.66666667e-01   3.63636364e-01   1.52089073e-02
   6.25000000e-01   6.66666667e-01   4.54545455e-01   1.52089073e-02
   8.75000000e-01   6.66666667e-01   2.72727273e-01   1.52089073e-02
   6.25000000e-01   6.66666667e-01   2.72727273e-01   2.77777778e-02
   6.25000000e-01   5.83333333e-01   3.63636364e-01   3.60422406e-02
   6.25000000e-01   5.83333333e-01   4.54545455e-01   3.60422406e-02
   6.25000000e-01   5.83333333e-01   2.72727273e-01   4.00022957e-02
   6.25000000e-01   6.66666667e-01   5.45454545e-01   6.08356290e-02
   6.25000000e-01   5.83333333e-01   5.45454545e-01]
Predicted output state:
[  2.67133117e-03   1.94337102e-09   9.99991389e-05   2.12158646e-09
   1.65546332e-09   7.78317094e-01   2.72431105e-01   2.13407447e-09
   1.22788832e-01   7.78317273e-01   2.72431046e-01   2.35732850e-02
   6.35182261e-01   6.63841009e-01   3.22303653e-01   3.29462588e-02
   6.23033643e-01   6.30158365e-01   3.29136699e-01   3.72706167e-02
   6.28364980e-01   6.65648639e-01   3.62080723e-01   5.45857660e-02
   6.28204584e-01   6.06222689e-01   3.16671401e-01   6.14902712e-02
   6.24400377e-01   5.90661526e-01   3.43011051e-01   6.97338581e-02
   6.26945853e-01   6.07961714e-01   4.52750027e-01   7.67832249e-02
   6.26615226e-01   5.95379591e-01   4.03590679e-01   8.60473439e-02
   6.26253426e-01   5.44112802e-01   3.42187524e-01   9.68269631e-02
   6.27446771e-01   5.51819384e-01   3.17821473e-01]
Squared sum of errors between actual and predicted output: 0.18517262632611298

Actual ouput state iteration 34:
[  1.70000000e-03   0.00000000e+00   1.00000000e-04   0.00000000e+00
   0.00000000e+00   7.50000000e-01   4.54545455e-01   0.00000000e+00
   1.25000000e-01   7.50000000e-01   4.54545455e-01   6.94444444e-03
   6.25000000e-01   6.66666667e-01   4.54545455e-01   1.52089073e-02
   6.25000000e-01   6.66666667e-01   3.63636364e-01   1.52089073e-02
   6.25000000e-01   6.66666667e-01   5.45454545e-01   2.77777778e-02
   6.25000000e-01   5.83333333e-01   4.54545455e-01   3.60422406e-02
   6.25000000e-01   5.83333333e-01   5.45454545e-01   3.60422406e-02
   6.25000000e-01   5.83333333e-01   3.63636364e-01   4.00022957e-02
   6.25000000e-01   6.66666667e-01   6.36363636e-01   4.00022957e-02
   6.25000000e-01   6.66666667e-01   2.72727273e-01   6.08356290e-02
   6.25000000e-01   5.83333333e-01   2.72727273e-01]
Predicted output state:
[  2.65463209e-03   1.80852111e-09   1.00002188e-04   1.98602934e-09
   1.42751788e-09   7.72621930e-01   3.48697513e-01   1.95620875e-09
   1.20899066e-01   7.72622049e-01   3.48697513e-01   2.04604734e-02
   6.37127042e-01   6.79701924e-01   3.77605349e-01   2.77512483e-02
   6.22177482e-01   6.44872487e-01   3.80848736e-01   3.12906764e-02
   6.27880096e-01   6.71859503e-01   3.96816403e-01   4.65983227e-02
   6.29362583e-01   6.25520706e-01   3.59014213e-01   5.28769009e-02
   6.24444783e-01   5.98900199e-01   3.84095430e-01   6.02568313e-02
   6.27836883e-01   6.09773517e-01   4.73128617e-01   6.54151216e-02
   6.27374232e-01   5.92118740e-01   4.25507069e-01   7.37818629e-02
   6.26683235e-01   5.59500575e-01   3.59577626e-01   8.40199664e-02
   6.28209651e-01   5.69239199e-01   3.63620609e-01]
Squared sum of errors between actual and predicted output: 0.20335451821101208

Actual ouput state iteration 35:
[  1.80000000e-03   0.00000000e+00   1.00000000e-04   0.00000000e+00
   0.00000000e+00   6.66666667e-01   4.54545455e-01   0.00000000e+00
   8.75000000e-01   6.66666667e-01   4.54545455e-01   0.00000000e+00
   1.25000000e-01   6.66666667e-01   4.54545455e-01   0.00000000e+00
   6.25000000e-01   6.66666667e-01   4.54545455e-01   6.94444444e-03
   6.25000000e-01   5.83333333e-01   4.54545455e-01   8.26446281e-03
   6.25000000e-01   6.66666667e-01   3.63636364e-01   8.26446281e-03
   6.25000000e-01   6.66666667e-01   5.45454545e-01   1.52089073e-02
   6.25000000e-01   5.83333333e-01   5.45454545e-01   1.52089073e-02
   6.25000000e-01   5.83333333e-01   3.63636364e-01   2.77777778e-02
   6.25000000e-01   5.00000000e-01   4.54545455e-01   3.30578512e-02
   6.25000000e-01   6.66666667e-01   6.36363636e-01]
Predicted output state:
[  2.63358955e-03   1.66161940e-09   9.99863696e-05   1.83070870e-09
   1.24146793e-09   7.68373609e-01   4.11933869e-01   1.79060766e-09
   1.20169915e-01   7.68373728e-01   4.11933810e-01   1.84325986e-02
   6.38606846e-01   6.74851179e-01   4.31287348e-01   2.40982324e-02
   6.21911228e-01   6.40333354e-01   4.31864202e-01   2.73547806e-02
   6.27621412e-01   6.62241817e-01   4.30211097e-01   4.09233309e-02
   6.30457878e-01   6.32245839e-01   3.96228999e-01   4.63043340e-02
   6.24480069e-01   5.87205887e-01   4.38434154e-01   5.38127497e-02
   6.28469825e-01   6.05404377e-01   4.78122234e-01   5.71700670e-02
   6.28146052e-01   5.72930455e-01   4.58953440e-01   6.47691265e-02
   6.27322674e-01   5.68642735e-01   3.60437214e-01   7.42464140e-02
   6.28458798e-01   5.75542986e-01   4.24172729e-01]
Squared sum of errors between actual and predicted output: 0.13731398469114564

Actual ouput state iteration 36:
[  1.80000000e-03   0.00000000e+00   1.00000000e-04   0.00000000e+00
   0.00000000e+00   7.50000000e-01   4.54545455e-01   0.00000000e+00
   1.25000000e-01   7.50000000e-01   4.54545455e-01   6.94444444e-03
   8.75000000e-01   6.66666667e-01   4.54545455e-01   6.94444444e-03
   6.25000000e-01   6.66666667e-01   4.54545455e-01   1.52089073e-02
   6.25000000e-01   6.66666667e-01   3.63636364e-01   1.52089073e-02
   6.25000000e-01   6.66666667e-01   5.45454545e-01   2.77777778e-02
   6.25000000e-01   5.83333333e-01   4.54545455e-01   3.60422406e-02
   6.25000000e-01   5.83333333e-01   3.63636364e-01   3.60422406e-02
   6.25000000e-01   5.83333333e-01   5.45454545e-01   4.00022957e-02
   6.25000000e-01   6.66666667e-01   6.36363636e-01   4.00022957e-02
   6.25000000e-01   6.66666667e-01   2.72727273e-01]
Predicted output state:
[  1.12304871e-03   2.17117346e-09   9.99627155e-05   2.07693107e-09
   1.49775048e-09   7.05171466e-01   5.10050476e-01   2.17896035e-09
   8.23763549e-01   7.05171585e-01   5.10050654e-01   2.07973132e-03
   1.56620428e-01   6.44316971e-01   4.94010001e-01   2.00881786e-03
   6.41629815e-01   6.24164939e-01   4.80578333e-01   2.82929372e-03
   6.43181503e-01   6.35494947e-01   4.76228952e-01   4.95564518e-03
   7.01612711e-01   6.27432227e-01   4.59159642e-01   5.47380745e-03
   7.51574457e-01   5.74458480e-01   4.81874377e-01   6.21904060e-03
   6.82567954e-01   6.33967340e-01   4.72128898e-01   5.87773230e-03
   6.70697510e-01   5.40379465e-01   4.50812250e-01   1.03005581e-02
   6.57034099e-01   5.77763081e-01   4.24058974e-01   1.12158833e-02
   6.65578842e-01   6.10500693e-01   4.58065689e-01]
Squared sum of errors between actual and predicted output: 0.13456700788956621

Actual ouput state iteration 37:
[  1.80000000e-03   0.00000000e+00   1.00000000e-04   0.00000000e+00
   0.00000000e+00   7.50000000e-01   5.45454545e-01   0.00000000e+00
   1.25000000e-01   7.50000000e-01   5.45454545e-01   6.94444444e-03
   6.25000000e-01   6.66666667e-01   5.45454545e-01   1.52089073e-02
   8.75000000e-01   6.66666667e-01   4.54545455e-01   1.52089073e-02
   6.25000000e-01   6.66666667e-01   4.54545455e-01   1.52089073e-02
   6.25000000e-01   6.66666667e-01   6.36363636e-01   2.77777778e-02
   6.25000000e-01   5.83333333e-01   5.45454545e-01   3.60422406e-02
   6.25000000e-01   5.83333333e-01   4.54545455e-01   3.60422406e-02
   6.25000000e-01   5.83333333e-01   6.36363636e-01   4.00022957e-02
   6.25000000e-01   6.66666667e-01   3.63636364e-01   6.08356290e-02
   6.25000000e-01   5.83333333e-01   3.63636364e-01]
Predicted output state:
[  2.63980799e-03   1.93540695e-09   9.99976182e-05   2.15686335e-09
   1.43777856e-09   7.68081129e-01   4.61419165e-01   2.05137596e-09
   1.20610207e-01   7.68081248e-01   4.61419165e-01   1.89552382e-02
   6.38612449e-01   6.73049033e-01   4.66618299e-01   2.48827618e-02
   6.22505605e-01   6.35777712e-01   4.62840170e-01   2.80293114e-02
   6.28801584e-01   6.60249472e-01   4.62008148e-01   4.20499481e-02
   6.29793167e-01   6.34422362e-01   4.23713803e-01   4.75298539e-02
   6.24815047e-01   5.83742857e-01   4.57748383e-01   5.50340451e-02
   6.28197968e-01   5.97011387e-01   5.01559734e-01   5.87046891e-02
   6.27605140e-01   5.73127270e-01   4.73195761e-01   6.63958266e-02
   6.26878440e-01   5.64257920e-01   3.87271971e-01   7.59240612e-02
   6.28161848e-01   5.82318604e-01   4.30684000e-01]
Squared sum of errors between actual and predicted output: 0.2172569948615526

Actual ouput state iteration 38:
[  1.80000000e-03   0.00000000e+00   1.00000000e-04   0.00000000e+00
   0.00000000e+00   7.50000000e-01   6.36363636e-01   0.00000000e+00
   1.25000000e-01   7.50000000e-01   6.36363636e-01   6.94444444e-03
   6.25000000e-01   6.66666667e-01   6.36363636e-01   1.52089073e-02
   6.25000000e-01   6.66666667e-01   5.45454545e-01   2.77777778e-02
   6.25000000e-01   5.83333333e-01   6.36363636e-01   3.60422406e-02
   6.25000000e-01   5.83333333e-01   5.45454545e-01   4.00022957e-02
   6.25000000e-01   6.66666667e-01   4.54545455e-01   6.08356290e-02
   6.25000000e-01   5.83333333e-01   4.54545455e-01   6.25000000e-02
   6.25000000e-01   5.00000000e-01   6.36363636e-01   7.07644628e-02
   6.25000000e-01   5.00000000e-01   5.45454545e-01   8.13246097e-02
   6.25000000e-01   6.66666667e-01   3.63636364e-01]
Predicted output state:
[  2.61924253e-03   1.68610004e-09   9.99711119e-05   1.87416194e-09
   1.19009758e-09   7.69388437e-01   5.14714777e-01   1.79162563e-09
   1.19771495e-01   7.69388556e-01   5.14714777e-01   1.80098191e-02
   6.39426470e-01   6.66806638e-01   5.12940347e-01   2.26794183e-02
   6.21920526e-01   6.30560398e-01   5.09033084e-01   2.58314814e-02
   6.27889514e-01   6.50191665e-01   4.88872826e-01   3.85407396e-02
   6.30952775e-01   6.42245054e-01   4.52563763e-01   4.31710407e-02
   6.24573946e-01   5.69049716e-01   5.14602423e-01   5.12889698e-02
   6.28852725e-01   5.96623302e-01   4.96805578e-01   5.33886626e-02
   6.28539145e-01   5.48666954e-01   5.10838509e-01   6.04380779e-02
   6.27733290e-01   5.79410255e-01   3.73149723e-01   6.93305358e-02
   6.28325403e-01   5.87124705e-01   4.97735322e-01]
Squared sum of errors between actual and predicted output: 0.1560486556713644

Actual ouput state iteration 39:
[  1.90000000e-03   0.00000000e+00   1.00000000e-04   0.00000000e+00
   0.00000000e+00   6.66666667e-01   6.36363636e-01   0.00000000e+00
   1.25000000e-01   6.66666667e-01   6.36363636e-01   0.00000000e+00
   8.75000000e-01   6.66666667e-01   6.36363636e-01   0.00000000e+00
   6.25000000e-01   6.66666667e-01   6.36363636e-01   6.94444444e-03
   6.25000000e-01   5.83333333e-01   6.36363636e-01   8.26446281e-03
   6.25000000e-01   6.66666667e-01   5.45454545e-01   1.52089073e-02
   6.25000000e-01   5.83333333e-01   5.45454545e-01   2.77777778e-02
   6.25000000e-01   5.00000000e-01   6.36363636e-01   3.30578512e-02
   6.25000000e-01   6.66666667e-01   4.54545455e-01   3.60422406e-02
   6.25000000e-01   5.00000000e-01   5.45454545e-01   4.00022957e-02
   6.25000000e-01   5.83333333e-01   4.54545455e-01]
Predicted output state:
[  2.64515518e-03   2.32087194e-09   1.00005062e-04   2.64116773e-09
   1.63293434e-09   7.92338789e-01   6.17754757e-01   2.37981035e-09
   1.20352007e-01   7.92338789e-01   6.17754757e-01   2.06537899e-02
   6.38587296e-01   6.82453632e-01   5.84483922e-01   2.64809467e-02
   6.22947454e-01   6.37167096e-01   5.72359443e-01   2.94616651e-02
   6.30368829e-01   6.63324535e-01   5.58698237e-01   4.40693833e-02
   6.28931701e-01   6.61633134e-01   5.09151518e-01   4.91847917e-02
   6.25157535e-01   5.77522576e-01   5.47332108e-01   5.75621910e-02
   6.28175437e-01   5.86881995e-01   5.55033445e-01   6.09129220e-02
   6.27048910e-01   5.61451614e-01   5.38541913e-01   6.83743283e-02
   6.26502156e-01   5.81449389e-01   4.38715726e-01   7.76844621e-02
   6.27613902e-01   6.17929280e-01   4.93481666e-01]
Squared sum of errors between actual and predicted output: 0.10674361371213165

Actual ouput state iteration 40:
[  2.00000000e-03   0.00000000e+00   1.00000000e-04   0.00000000e+00
   0.00000000e+00   5.83333333e-01   6.36363636e-01   0.00000000e+00
   6.25000000e-01   5.83333333e-01   6.36363636e-01   0.00000000e+00
   8.75000000e-01   5.83333333e-01   6.36363636e-01   0.00000000e+00
   1.25000000e-01   5.83333333e-01   6.36363636e-01   6.94444444e-03
   8.75000000e-01   6.66666667e-01   6.36363636e-01   6.94444444e-03
   6.25000000e-01   6.66666667e-01   6.36363636e-01   6.94444444e-03
   6.25000000e-01   5.00000000e-01   6.36363636e-01   8.26446281e-03
   6.25000000e-01   5.83333333e-01   5.45454545e-01   1.52089073e-02
   6.25000000e-01   6.66666667e-01   5.45454545e-01   1.52089073e-02
   6.25000000e-01   5.00000000e-01   5.45454545e-01   2.77777778e-02
   6.25000000e-01   4.16666667e-01   6.36363636e-01]
Predicted output state:
[  2.65038339e-03   4.03281897e-09   1.00023746e-04   4.72569228e-09
   2.95102498e-09   7.38304853e-01   6.69410586e-01   3.97648758e-09
   1.24119066e-01   7.38304913e-01   6.69410706e-01   2.02463176e-02
   6.39280736e-01   6.25035703e-01   6.26345873e-01   2.67429203e-02
   6.26073241e-01   5.80347478e-01   6.02757215e-01   2.95461379e-02
   6.34520471e-01   6.18863583e-01   6.03242815e-01   4.46806476e-02
   6.27326548e-01   6.15636826e-01   5.50978303e-01   5.00489362e-02
   6.26575112e-01   5.33535242e-01   5.62358379e-01   5.79394102e-02
   6.26791537e-01   5.45286357e-01   5.87311566e-01   6.21945076e-02
   6.25434458e-01   5.50318599e-01   5.47062993e-01   7.01479912e-02
   6.25261843e-01   5.23887813e-01   4.97530073e-01   7.94232190e-02
   6.26496792e-01   5.80140829e-01   4.87044781e-01]
Squared sum of errors between actual and predicted output: 0.12543088921424525

Actual ouput state iteration 41:
[  2.00000000e-03   0.00000000e+00   1.00000000e-04   0.00000000e+00
   0.00000000e+00   5.83333333e-01   7.27272727e-01   0.00000000e+00
   1.25000000e-01   5.83333333e-01   7.27272727e-01   8.26446281e-03
   6.25000000e-01   5.83333333e-01   6.36363636e-01   8.26446281e-03
   8.75000000e-01   5.83333333e-01   6.36363636e-01   1.52089073e-02
   8.75000000e-01   6.66666667e-01   6.36363636e-01   1.52089073e-02
   6.25000000e-01   6.66666667e-01   6.36363636e-01   1.52089073e-02
   6.25000000e-01   5.00000000e-01   6.36363636e-01   3.30578512e-02
   6.25000000e-01   5.83333333e-01   5.45454545e-01   3.60422406e-02
   6.25000000e-01   4.16666667e-01   6.36363636e-01   4.00022957e-02
   6.25000000e-01   6.66666667e-01   5.45454545e-01   4.00022957e-02
   6.25000000e-01   5.00000000e-01   5.45454545e-01]
Predicted output state:
[  2.69107940e-03   1.43015322e-09   9.99970434e-05   1.51278889e-09
   8.19441903e-10   6.89881742e-01   6.13371551e-01   1.20503130e-09
   8.46601129e-01   6.89881802e-01   6.13371551e-01   3.72307831e-18
   7.79740572e-01   6.09504342e-01   5.84530950e-01   1.06160344e-22
   1.80061564e-01   5.65060377e-01   5.86464763e-01   1.95642717e-22
   8.21584582e-01   5.77218711e-01   5.52805662e-01   2.31524816e-20
   6.48116112e-01   6.11805022e-01   5.17548025e-01   5.71913813e-19
   6.48061931e-01   4.98547375e-01   5.07391274e-01   3.78046562e-19
   6.42444015e-01   4.34606165e-01   5.39998770e-01   1.28939131e-21
   6.40383601e-01   4.82135892e-01   5.59216797e-01   1.77613979e-18
   6.38092279e-01   5.80448508e-01   4.94301111e-01   1.66738994e-18
   6.34442568e-01   5.15036821e-01   4.62957412e-01]
Squared sum of errors between actual and predicted output: 0.25131095484047866

Actual ouput state iteration 42:
[  2.00000000e-03   0.00000000e+00   1.00000000e-04   0.00000000e+00
   0.00000000e+00   5.83333333e-01   8.18181818e-01   0.00000000e+00
   1.25000000e-01   5.83333333e-01   8.18181818e-01   3.30578512e-02
   6.25000000e-01   5.83333333e-01   6.36363636e-01   3.30578512e-02
   8.75000000e-01   5.83333333e-01   6.36363636e-01   4.00022957e-02
   6.25000000e-01   6.66666667e-01   6.36363636e-01   4.00022957e-02
   6.25000000e-01   5.00000000e-01   6.36363636e-01   6.08356290e-02
   6.25000000e-01   4.16666667e-01   6.36363636e-01   7.43801653e-02
   6.25000000e-01   5.83333333e-01   5.45454545e-01   8.13246097e-02
   6.25000000e-01   6.66666667e-01   5.45454545e-01   8.13246097e-02
   6.25000000e-01   5.00000000e-01   5.45454545e-01   9.55578512e-02
   6.25000000e-01   3.33333333e-01   6.36363636e-01]
Predicted output state:
[  2.64304271e-03   4.71543649e-09   1.00021840e-04   5.59987967e-09
   3.41200423e-09   6.99819088e-01   7.13520706e-01   4.60306815e-09
   1.25380427e-01   6.99819088e-01   7.13520646e-01   1.95363797e-02
   6.39795303e-01   5.85296452e-01   6.66153729e-01   2.55467668e-02
   6.27128839e-01   5.42352676e-01   6.38775706e-01   2.83568017e-02
   6.35834396e-01   5.84060967e-01   6.35508478e-01   4.29094508e-02
   6.27226472e-01   5.93912423e-01   5.84552288e-01   4.78224345e-02
   6.26967132e-01   5.02452850e-01   5.99689186e-01   5.61096780e-02
   6.26486301e-01   5.17507851e-01   5.96648932e-01   5.96676841e-02
   6.25258327e-01   5.24549007e-01   5.70984781e-01   6.74353242e-02
   6.25142038e-01   5.01731396e-01   5.14129341e-01   7.62644857e-02
   6.26013398e-01   5.72098792e-01   5.20384133e-01]
Squared sum of errors between actual and predicted output: 0.2275827598319864



Maximum SSE occurred: 0.3152104402589293
Total SSE: 8.406695210015851
Variance output object: 
[  2.95511364e-07   0.00000000e+00   1.65303893e-39   0.00000000e+00
   0.00000000e+00   4.24127640e-02   2.38158254e-02   0.00000000e+00
   1.00819990e-01   4.24127640e-02   2.38158254e-02   6.89563103e-05
   6.23708678e-02   2.56363349e-02   1.68875077e-02   1.15847066e-04
   6.27582645e-02   2.62999311e-02   1.52098559e-02   9.61418168e-05
   1.23966942e-02   2.91085572e-02   1.90048494e-02   2.37387094e-04
   7.36053719e-03   2.25264004e-02   1.64606243e-02   2.96669479e-04
   1.09762397e-02   1.62527261e-02   1.25461034e-02   4.02910953e-04
   7.36053719e-03   1.49900999e-02   8.34557066e-03   4.32475548e-04
   1.38817149e-03   1.78597050e-02   1.63368281e-02   5.76551245e-04
   1.38817149e-03   1.90398301e-02   1.30797077e-02   7.23186482e-04
   1.38817149e-03   2.20780246e-02   1.46335633e-02]
Variance predicted object: 
[  2.88745440e-07   1.00524354e-14   1.70264729e-15   1.70582966e-14
   5.22697552e-15   5.83651811e-02   2.87329368e-02   3.90961059e-15
   1.24457955e-01   5.83652146e-02   2.87329424e-02   1.47062383e-04
   3.64769436e-02   2.87938528e-02   1.71645954e-02   2.52670870e-04
   3.42432782e-02   2.25790888e-02   1.49871651e-02   3.19608487e-04
   6.23477530e-03   2.10629925e-02   1.17142862e-02   6.26504247e-04
   6.59408746e-04   1.82254445e-02   9.91192646e-03   7.50118168e-04
   1.93165627e-03   1.45601295e-02   9.49064642e-03   1.02230883e-03
   3.80044221e-04   1.29481312e-02   6.27260702e-03   1.18175684e-03
   2.46219337e-04   7.60446442e-03   5.97880455e-03   1.42059242e-03
   1.26682324e-04   1.33401761e-02   6.06999500e-03   1.74943497e-03
   1.80360395e-04   1.32796383e-02   7.60290353e-03]